20	-0,102043	
20	-0,26226	
20	0,218391	
20	0,0581741	
20	0,378609	
20	0,218391	
20	0,0581741	
20	-0,26226	
20	0,0581741	
20	0,218391	
20	0,0581741	
20	0,218391	
20	-0,102043	
20	0,0581741	
20	0,218391	
20	-0,26226	
20	-0,26226	
20	0,0581741	
20	-0,102043	
20	-0,422478	
20	0,218391	
20	0,0581741	
20	0,218391	
20	0,0581741	
20	0,0581741	
20	0,0581741	
20	0,218391	
20	0,218391	
20	0,0581741	
20	-0,26226	
20	0,0581741	
20	0,0581741	
20	0,0581741	
20	-0,102043	
20	0,0581741	
20	0,0581741	
20	0,0581741	
20	0,0581741	
20	0,0581741	
20	0,0581741	
20	-0,102043	
20	0,218391	
20	-0,26226	
20	-0,102043	
20	-0,102043	
20	0,378609	
20	-0,26226	
20	0,0581741	
20	-0,102043	
20	0,0581741	
20	0,0581741	
20	0,0581741	
20	0,0581741	
20	0,0581741	
20	0,538826	
20	-0,26226	
20	0,218391	
20	0,0581741	
20	0,218391	
20	-0,26226	
20	0,0581741	
20	-0,422478	
20	0,0581741	
20	0,0581741	
20	-0,102043	
20	0,218391	
20	-0,102043	
20	-0,26226	
20	0,0581741	
20	0,0581741	
20	0,218391	
20	-0,102043	
20	-0,102043	
20	0,0581741	
20	0,0581741	
20	0,0581741	
20	-0,102043	
20	0,0581741	
20	0,218391	
20	-0,26226	
20	-0,26226	
20	-0,102043	
20	-0,102043	
20	0,218391	
20	0,218391	
20	0,218391	
20	0,0581741	
20	0,218391	
20	-0,26226	
20	-0,102043	
20	0,0581741	
20	0,218391	
20	-0,422478	
20	0,218391	
20	0,0581741	
20	0,218391	
20	-0,102043	
20	-0,102043	
20	0,0581741	
20	-0,102043	
20	-0,102043	
20	-0,26226	
20	0,218391	
20	0,218391	
20	-0,102043	
20	0,0581741	
20	-0,582695	
20	-0,102043	
20	-0,26226	
20	-0,26226	
20	0,378609	
20	0,0581741	
20	0,378609	
20	0,0581741	
20	0,0581741	
20	0,218391	
20	0,0581741	
20	-0,102043	
20	0,218391	
20	0,378609	
20	-0,422478	
20	0,218391	
20	-0,102043	
20	0,378609	
20	0,218391	
20	0,218391	
20	0,218391	
20	0,218391	
20	-0,26226	
20	0,0581741	
20	0,0581741	
20	-0,102043	
20	0,0581741	
20	0,0581741	
20	-0,102043	
20	0,0581741	
20	0,378609	
20	-0,102043	
20	-0,102043	
20	0,0581741	
20	0,0581741	
20	0,218391	
20	0,218391	
20	0,0581741	
20	-0,102043	
20	-0,102043	
20	0,0581741	
20	0,0581741	
20	-0,102043	
20	-0,422478	
20	0,0581741	
20	0,218391	
20	-0,422478	
20	-0,102043	
20	0,0581741	
20	-0,422478	
20	0,218391	
20	-0,102043	
20	0,218391	
20	0,0581741	
20	-0,102043	
20	0,0581741	
20	0,0581741	
20	0,0581741	
20	-0,102043	
20	-0,102043	
20	-0,102043	
20	0,218391	
20	-0,422478	
20	-0,102043	
20	0,0581741	
20	-0,102043	
20	-0,26226	
20	0,218391	
20	0,0581741	
20	-0,102043	
20	0,0581741	
20	-0,102043	
20	-0,102043	
20	0,218391	
20	0,0581741	
20	-0,102043	
20	-0,102043	
20	-0,26226	
20	0,218391	
20	0,0581741	
20	-0,26226	
20	0,0581741	
20	0,218391	
20	0,0581741	
20	0,378609	
20	0,218391	
20	-0,102043	
20	0,218391	
20	0,218391	
20	-0,102043	
20	0,0581741	
20	-0,26226	
20	0,0581741	
20	-0,26226	
20	0,0581741	
20	-0,102043	
20	-0,102043	
20	0,218391	
20	0,378609	
20	0,0581741	
20	0,0581741	
20	-0,102043	
20	0,0581741	
20	-0,102043	
20	-0,26226	
20	-0,26226	
20	0,378609	
20	-0,102043	
20	0,0581741	
20	0,218391	
20	-0,102043	
20	-0,102043	
20	0,0581741	
20	0,218391	
20	-0,26226	
20	-0,102043	
20	-0,26226	
20	0,0581741	
20	-0,102043	
20	-0,102043	
20	0,218391	
20	-0,26226	
20	0,0581741	
20	0,0581741	
20	-0,102043	
20	-0,26226	
20	0,0581741	
20	-0,26226	
20	0,0581741	
20	0,378609	
20	0,218391	
20	0,378609	
20	-0,26226	
20	0,378609	
20	-0,26226	
20	-0,102043	
20	-0,102043	
20	-0,102043	
20	0,218391	
20	-0,26226	
20	0,378609	
20	-0,102043	
20	0,0581741	
20	0,0581741	
20	-0,26226	
20	-0,26226	
20	0,0581741	
21	0,378609	
21	0,218391	
21	0,218391	
21	-0,26226	
21	-0,26226	
21	-0,26226	
21	-0,26226	
21	-0,102043	
21	0,218391	
21	0,218391	
21	0,218391	
21	-0,26226	
21	0,0581741	
21	0,218391	
21	0,378609	
21	0,538826	
21	-0,102043	
21	-0,102043	
21	0,0581741	
21	-0,102043	
21	0,218391	
21	-0,102043	
21	0,218391	
21	0,218391	
21	0,218391	
21	0,0581741	
21	0,218391	
21	0,218391	
21	0,0581741	
21	0,0581741	
21	-0,102043	
21	0,0581741	
21	-0,102043	
21	0,218391	
21	0,0581741	
21	0,218391	
21	0,218391	
21	-0,26226	
21	0,699043	
21	0,218391	
21	-0,102043	
21	0,0581741	
21	0,218391	
21	0,0581741	
21	0,218391	
21	0,0581741	
21	0,0581741	
21	0,0581741	
21	-0,102043	
21	0,0581741	
21	0,0581741	
21	0,0581741	
21	0,378609	
21	0,218391	
21	-0,102043	
21	-0,102043	
21	0,0581741	
21	-0,422478	
21	-0,26226	
21	-0,102043	
21	-0,102043	
21	0,0581741	
21	0,0581741	
21	-0,102043	
21	0,218391	
21	0,218391	
21	-0,102043	
21	0,0581741	
21	0,0581741	
21	-0,102043	
21	0,218391	
21	0,0581741	
21	0,0581741	
21	0,0581741	
21	0,0581741	
21	-0,102043	
21	0,218391	
21	0,0581741	
21	0,538826	
21	0,0581741	
21	-0,102043	
21	-0,102043	
21	-0,26226	
21	-0,102043	
21	0,0581741	
21	0,218391	
21	-0,102043	
21	0,218391	
21	-0,26226	
21	0,0581741	
21	0,0581741	
21	-0,26226	
21	-0,102043	
21	0,0581741	
21	0,0581741	
21	-0,26226	
21	0,218391	
21	0,218391	
21	0,0581741	
21	-0,102043	
21	0,0581741	
21	-0,102043	
21	0,0581741	
21	-0,102043	
21	0,0581741	
21	-0,102043	
21	-0,102043	
21	0,0581741	
21	-0,102043	
21	0,0581741	
21	-0,102043	
21	0,0581741	
21	0,0581741	
21	0,0581741	
21	-0,102043	
21	0,0581741	
21	0,0581741	
21	0,218391	
21	0,0581741	
21	0,0581741	
21	-0,102043	
21	0,0581741	
21	-0,102043	
21	0,0581741	
21	-0,102043	
21	-0,26226	
21	0,378609	
21	-0,102043	
21	0,0581741	
21	-0,102043	
21	0,0581741	
21	0,0581741	
21	0,0581741	
21	0,218391	
21	-0,26226	
21	-0,26226	
21	0,0581741	
21	-0,102043	
21	0,0581741	
21	0,218391	
21	0,0581741	
21	0,0581741	
21	-0,102043	
21	0,218391	
21	0,378609	
21	0,0581741	
21	0,218391	
21	-0,102043	
21	-0,102043	
21	0,378609	
21	-0,102043	
21	0,0581741	
21	-0,102043	
21	-0,102043	
21	0,0581741	
21	-0,26226	
21	0,378609	
21	-0,26226	
21	0,218391	
21	0,0581741	
21	0,0581741	
21	-0,422478	
21	-0,102043	
21	-0,102043	
21	-0,26226	
21	0,218391	
21	0,218391	
21	-0,26226	
21	0,0581741	
21	0,0581741	
21	0,378609	
21	0,218391	
21	0,378609	
21	-0,26226	
21	0,0581741	
21	-0,102043	
21	-0,26226	
21	-0,26226	
21	0,0581741	
21	-0,422478	
21	0,218391	
21	0,0581741	
21	0,538826	
21	0,0581741	
21	0,0581741	
21	-0,26226	
21	0,0581741	
21	-0,26226	
21	0,0581741	
21	0,0581741	
21	0,218391	
21	0,0581741	
21	0,218391	
21	-0,102043	
21	-0,102043	
21	-0,102043	
21	0,0581741	
21	0,378609	
21	-0,26226	
21	-0,102043	
21	0,0581741	
21	-0,102043	
21	0,0581741	
21	-0,26226	
21	-0,102043	
21	-0,102043	
21	0,0581741	
21	0,218391	
21	0,0581741	
21	0,0581741	
21	-0,102043	
21	0,218391	
21	0,218391	
21	0,218391	
21	-0,102043	
21	0,218391	
21	0,0581741	
21	-0,26226	
21	-0,26226	
21	-0,26226	
21	0,378609	
21	-0,102043	
21	-0,26226	
21	0,0581741	
21	0,0581741	
21	0,218391	
21	0,0581741	
21	0,218391	
21	0,378609	
21	0,0581741	
21	-0,422478	
21	0,0581741	
21	-0,102043	
21	0,218391	
21	0,218391	
21	-0,102043	
21	-0,26226	
21	-0,26226	
21	-0,102043	
21	0,0581741	
21	0,218391	
21	0,218391	
21	0,0581741	
21	-0,26226	
21	-0,102043	
21	0,0581741	
21	0,0581741	
21	0,0581741	
21	-0,102043	
21	0,0581741	
21	0,218391	
21	-0,102043	
21	0,0581741	
21	-0,26226	
21	0,0581741	
21	0,218391	
21	-0,26226	
21	0,0581741	
21	-0,422478	
21	-0,26226	
21	0,218391	
21	0,218391	
21	-0,102043	
21	0,0581741	
21	36,9034	
21	44,9123	
21	45,8736	
21	43,6316	
21	47,3156	
21	36,7432	
21	37,5433	
21	36,5829	
21	40,9079	
21	34,1797	
21	33,5388	
21	31,6162	
21	31,7764	
21	30,8151	
21	29,8548	
21	31,6162	
21	27,9322	
21	27,4515	
21	26,9709	
21	26,0096	
21	24,888	
21	24,087	
21	23,1256	
21	25,2085	
21	20,5631	
21	22,1653	
21	18,3201	
21	17,519	
21	19,6018	
21	16,7179	
21	19,2814	
21	16,8781	
21	16,5577	
21	15,7566	
21	18,4803	
21	14,3156	
21	14,4758	
21	13,9952	
21	13,5145	
21	12,2328	
21	12,0726	
21	17,0383	
21	10,6306	
21	11,4317	
21	11,2715	
21	10,4704	
21	10,3102	
21	8,54778	
21	8,54778	
21	9,02843	
21	9,18865	
21	10,3102	
21	10,7908	
21	12,5532	
21	11,4317	
21	9,50909	
21	9,50909	
21	8,86822	
21	8,86822	
21	7,58743	
21	7,267	
21	6,62613	
21	7,58743	
21	8,06808	
21	7,90787	
21	7,90787	
21	7,267	
21	6,78635	
21	8,54778	
21	8,86822	
21	9,82952	
21	7,58743	
21	7,90787	
21	7,10678	
21	8,38757	
21	5,66483	
21	6,46591	
21	5,82504	
21	7,10678	
21	6,94656	
21	7,42722	
21	6,30569	
21	6,62613	
21	7,10678	
21	8,38757	
21	8,86822	
21	9,6693	
21	10,3102	
21	11,5919	
21	9,18865	
21	9,6693	
21	7,58743	
21	8,38757	
21	8,54778	
21	9,34887	
21	8,38757	
21	8,708	
21	8,06808	
21	8,22735	
21	8,38757	
21	11,7521	
21	8,38757	
21	8,06808	
21	8,708	
21	9,34887	
21	10,6306	
21	7,58743	
21	8,22735	
21	6,94656	
21	6,62613	
21	6,30569	
21	6,62613	
21	6,14548	
21	6,30569	
21	7,267	
21	5,50461	
21	5,66483	
21	5,34439	
21	5,18417	
21	5,66483	
21	6,62613	
21	8,22735	
21	9,98974	
21	7,267	
21	7,267	
21	6,46591	
21	6,78635	
21	9,18865	
21	6,94656	
21	7,74765	
21	7,42722	
21	8,22735	
21	7,74765	
21	11,2715	
21	8,06808	
21	8,22735	
21	8,38757	
21	9,98974	
21	9,50909	
21	10,951	
21	6,94656	
21	9,82952	
21	12,5532	
21	8,708	
21	8,22735	
21	10,7908	
21	12,5532	
21	5,34439	
21	8,708	
21	8,06808	
21	7,267	
21	6,46591	
21	6,94656	
21	7,267	
21	9,98974	
21	8,06808	
21	9,50909	
21	10,3102	
21	7,74765	
21	8,708	
21	7,74765	
21	7,74765	
21	7,74765	
21	6,78635	
21	6,78635	
21	6,30569	
21	6,62613	
21	6,30569	
21	6,46591	
21	6,94656	
21	6,62613	
21	6,62613	
21	7,90787	
21	13,0339	
21	9,98974	
21	6,78635	
21	7,10678	
21	6,46591	
21	5,66483	
21	5,18417	
21	5,66483	
21	5,34439	
21	6,78635	
21	6,62613	
21	6,46591	
21	5,98526	
21	6,62613	
21	9,50909	
21	9,34887	
21	8,54778	
21	10,15	
21	10,4704	
21	11,9123	
21	12,2328	
21	8,22735	
21	8,22735	
21	8,22735	
21	8,38757	
21	8,86822	
21	9,02843	
21	8,22735	
21	8,22735	
21	7,90787	
21	8,38757	
21	8,38757	
21	8,54778	
21	12,5532	
21	8,708	
21	9,34887	
21	10,3102	
21	6,94656	
21	7,74765	
21	12,5532	
21	10,7908	
21	6,46591	
21	6,62613	
21	6,46591	
21	5,98526	
21	5,98526	
21	5,34439	
21	7,90787	
21	5,34439	
21	5,34439	
21	6,14548	
21	7,74765	
21	8,86822	
21	10,6306	
21	7,267	
21	6,94656	
21	6,78635	
21	6,78635	
21	6,62613	
21	7,42722	
21	9,6693	
21	7,58743	
22	8,22735	
22	8,54778	
22	8,22735	
22	7,74765	
22	13,0339	
22	8,86822	
22	9,98974	
22	11,1113	
22	10,7908	
22	9,6693	
22	9,50909	
22	9,50909	
22	8,06808	
22	8,06808	
22	7,90787	
22	7,267	
22	7,58743	
22	7,267	
22	7,10678	
22	6,78635	
22	6,62613	
22	6,94656	
22	7,42722	
22	7,74765	
22	11,7521	
22	9,02843	
22	11,5919	
22	8,22735	
22	7,74765	
22	8,22735	
22	8,54778	
22	6,78635	
22	6,78635	
22	6,46591	
22	6,46591	
22	7,10678	
22	7,267	
22	6,14548	
22	6,46591	
22	6,46591	
22	7,42722	
22	8,708	
22	9,34887	
22	6,94656	
22	8,86822	
22	6,30569	
22	6,14548	
22	5,50461	
22	6,14548	
22	4,38309	
22	9,50909	
22	6,78635	
22	6,46591	
22	5,98526	
22	5,98526	
22	6,94656	
22	7,74765	
22	10,951	
22	9,34887	
22	11,1113	
22	12,0726	
22	9,18865	
22	9,18865	
22	10,4704	
22	7,58743	
22	8,22735	
22	9,02843	
22	8,22735	
22	8,708	
22	8,38757	
22	14,1554	
22	8,38757	
22	9,02843	
22	8,708	
22	7,90787	
22	8,06808	
22	9,34887	
22	9,98974	
22	6,94656	
22	7,90787	
22	7,42722	
22	7,267	
22	6,94656	
22	4,5433	
22	8,708	
22	5,82504	
22	5,82504	
22	5,66483	
22	6,14548	
22	5,02396	
22	5,02396	
22	5,98526	
22	7,10678	
22	8,38757	
22	9,98974	
22	6,78635	
22	9,6693	
22	6,62613	
22	6,94656	
22	7,10678	
22	7,42722	
22	7,267	
22	8,54778	
22	8,22735	
22	7,90787	
22	8,38757	
22	7,74765	
22	8,22735	
22	8,708	
22	13,5145	
22	10,15	
22	10,15	
22	8,54778	
22	9,50909	
22	9,50909	
22	8,54778	
22	7,58743	
22	8,06808	
22	7,267	
22	7,58743	
22	7,58743	
22	7,58743	
22	10,6306	
22	5,82504	
22	6,62613	
22	7,42722	
22	7,58743	
22	8,86822	
22	9,50909	
22	11,4317	
22	7,42722	
22	8,06808	
22	8,06808	
22	6,94656	
22	7,267	
22	9,18865	
22	6,30569	
22	6,46591	
22	6,94656	
22	5,66483	
22	6,14548	
22	6,62613	
22	5,98526	
22	6,14548	
22	10,4704	
22	13,0339	
22	10,15	
22	6,94656	
22	6,62613	
22	6,14548	
22	8,06808	
22	5,82504	
22	5,66483	
22	5,66483	
22	6,94656	
22	6,94656	
22	8,54778	
22	10,4704	
22	6,30569	
22	6,94656	
22	8,22735	
22	8,86822	
22	10,15	
22	10,7908	
22	8,38757	
22	9,18865	
22	8,06808	
22	8,22735	
22	7,58743	
22	8,22735	
22	11,2715	
22	11,2715	
22	7,90787	
22	8,54778	
22	8,06808	
22	8,86822	
22	8,54778	
22	10,6306	
22	7,58743	
22	8,708	
22	9,82952	
22	10,15	
22	7,42722	
22	9,02843	
22	6,78635	
22	7,267	
22	6,78635	
22	6,46591	
22	6,46591	
22	8,54778	
22	5,50461	
22	5,50461	
22	5,02396	
22	5,02396	
22	5,50461	
22	5,98526	
22	7,74765	
22	10,3102	
22	11,1113	
22	7,42722	
22	7,10678	
22	6,78635	
22	6,62613	
22	6,94656	
22	7,267	
22	7,58743	
22	7,42722	
22	8,06808	
22	8,38757	
22	8,38757	
22	8,06808	
22	8,86822	
22	9,34887	
22	9,82952	
22	10,951	
22	9,6693	
22	9,50909	
22	8,86822	
22	8,86822	
22	8,22735	
22	7,74765	
22	7,90787	
22	9,82952	
22	12,8736	
22	7,58743	
22	7,267	
22	6,94656	
22	6,94656	
22	5,02396	
22	7,267	
22	8,38757	
22	9,34887	
22	9,82952	
22	11,9123	
22	8,06808	
22	12,8736	
22	7,58743	
22	7,42722	
22	6,46591	
22	6,46591	
22	5,98526	
22	6,46591	
22	6,78635	
22	9,82952	
22	6,94656	
22	6,62613	
22	6,30569	
22	7,90787	
22	8,38757	
22	11,7521	
22	6,62613	
22	6,78635	
22	5,82504	
22	5,82504	
22	5,66483	
22	6,30569	
22	5,34439	
22	6,46591	
22	6,62613	
22	6,30569	
22	4,70352	
22	8,54778	
22	6,78635	
22	7,58743	
22	11,5919	
22	9,18865	
22	10,6306	
22	12,0726	
22	10,7908	
22	8,708	
22	8,06808	
22	7,74765	
22	8,22735	
22	8,54778	
22	8,06808	
22	8,22735	
22	7,90787	
22	8,06808	
22	8,86822	
22	8,22735	
22	8,38757	
22	5,66483	
22	8,54778	
22	9,34887	
22	10,6306	
22	7,58743	
22	7,74765	
22	6,78635	
22	9,82952	
22	6,94656	
22	6,78635	
22	9,02843	
22	5,98526	
22	5,98526	
22	5,50461	
22	9,98974	
22	5,02396	
22	4,70352	
22	6,14548	
22	7,42722	
22	8,22735	
22	11,4317	
22	6,78635	
22	7,10678	
22	7,10678	
22	6,78635	
22	7,10678	
22	7,10678	
22	10,4704	
22	7,58743	
22	7,58743	
22	7,90787	
22	8,38757	
22	7,74765	
22	8,38757	
22	10,7908	
22	9,18865	
22	10,4704	
22	10,3102	
22	9,02843	
22	9,50909	
22	9,34887	
22	8,54778	
22	7,74765	
22	8,06808	
22	7,267	
22	7,74765	
22	7,90787	
22	6,94656	
22	7,10678	
22	6,62613	
22	6,46591	
22	7,10678	
22	7,90787	
22	9,18865	
22	9,02843	
22	11,2715	
22	7,74765	
22	7,74765	
22	7,74765	
22	7,90787	
22	6,46591	
22	6,78635	
22	7,10678	
22	7,267	
22	6,94656	
22	6,78635	
22	6,46591	
22	6,62613	
22	5,98526	
22	6,78635	
22	8,06808	
22	9,02843	
22	5,98526	
22	9,34887	
22	6,78635	
22	6,46591	
22	5,66483	
22	5,82504	
22	5,66483	
22	4,86374	
22	6,14548	
22	6,46591	
22	6,46591	
22	5,82504	
22	6,46591	
22	7,74765	
22	11,2715	
22	8,708	
22	10,15	
22	11,9123	
22	8,708	
22	9,50909	
22	7,58743	
22	8,22735	
22	7,90787	
22	8,708	
22	8,54778	
22	8,38757	
22	8,22735	
22	8,54778	
22	11,4317	
22	7,42722	
22	8,38757	
22	7,90787	
22	8,06808	
22	9,02843	
22	10,3102	
22	5,98526	
22	7,42722	
22	7,42722	
22	6,94656	
22	6,78635	
22	6,30569	
22	6,62613	
22	10,15	
22	5,34439	
22	5,18417	
22	5,02396	
22	4,86374	
22	4,86374	
22	5,98526	
22	9,34887	
22	7,90787	
22	9,6693	
22	6,94656	
22	7,42722	
22	6,78635	
22	9,02843	
22	6,94656	
22	7,10678	
22	7,10678	
22	7,90787	
22	8,06808	
22	8,38757	
22	9,98974	
22	8,22735	
22	8,22735	
22	8,86822	
22	9,6693	
22	9,98974	
22	10,3102	
22	7,58743	
22	9,50909	
22	9,34887	
22	9,34887	
22	7,90787	
22	7,267	
22	7,58743	
22	7,42722	
22	7,74765	
22	7,42722	
22	7,74765	
22	6,46591	
22	6,62613	
22	9,50909	
22	7,58743	
22	7,90787	
22	9,34887	
22	10,6306	
22	7,42722	
22	10,6306	
22	7,74765	
22	7,90787	
22	7,42722	
22	4,5433	
22	7,74765	
22	7,42722	
22	5,82504	
22	6,62613	
22	6,62613	
22	7,10678	
22	6,14548	
22	6,30569	
22	13,835	
22	8,54778	
22	9,6693	
22	6,94656	
22	7,42722	
22	6,30569	
22	5,66483	
22	4,70352	
22	5,34439	
22	5,98526	
22	7,10678	
22	6,94656	
22	6,30569	
22	5,66483	
22	6,30569	
22	6,78635	
22	7,58743	
22	8,708	
22	9,98974	
22	10,7908	
22	11,2715	
22	9,50909	
22	8,38757	
22	8,06808	
22	7,74765	
22	8,86822	
22	11,1113	
22	8,86822	
22	8,38757	
22	8,38757	
22	8,38757	
22	8,54778	
22	8,54778	
22	7,90787	
22	7,74765	
22	8,54778	
22	9,6693	
22	10,3102	
22	7,74765	
22	7,74765	
22	6,78635	
22	6,94656	
22	6,62613	
22	6,30569	
22	6,14548	
22	5,34439	
22	7,42722	
23	7,42722	
23	4,70352	
23	4,70352	
23	7,90787	
23	6,14548	
23	7,267	
23	8,86822	
23	14,9565	
23	6,78635	
23	9,6693	
23	7,267	
23	7,10678	
23	7,10678	
23	7,74765	
23	7,42722	
23	9,82952	
23	7,74765	
23	8,38757	
23	8,38757	
23	7,90787	
23	7,90787	
23	11,9123	
23	9,6693	
23	10,951	
23	10,951	
23	9,50909	
23	9,34887	
23	11,9123	
23	7,74765	
23	7,58743	
23	7,90787	
23	7,267	
23	7,90787	
23	7,74765	
23	7,74765	
23	6,78635	
23	6,62613	
23	6,94656	
23	7,10678	
23	8,22735	
23	14,4758	
23	9,98974	
23	15,5964	
23	8,22735	
23	7,90787	
23	7,42722	
23	7,267	
23	6,30569	
23	9,02843	
23	6,30569	
23	6,46591	
23	6,94656	
23	6,94656	
23	10,15	
23	6,30569	
23	6,14548	
23	7,74765	
23	8,38757	
23	9,02843	
23	7,267	
23	9,02843	
23	6,14548	
23	5,82504	
23	5,66483	
23	5,98526	
23	5,50461	
23	9,18865	
23	6,78635	
23	6,62613	
23	6,30569	
23	6,62613	
23	7,42722	
23	8,06808	
23	13,1941	
23	9,34887	
23	10,7908	
23	12,0726	
23	9,50909	
23	9,02843	
23	8,06808	
23	8,22735	
23	8,38757	
23	8,54778	
23	8,22735	
23	8,54778	
23	8,22735	
23	8,22735	
23	11,1113	
23	8,38757	
23	8,38757	
23	7,90787	
23	8,86822	
23	9,6693	
23	13,3543	
23	7,58743	
23	7,74765	
23	6,62613	
23	7,10678	
23	6,62613	
23	9,18865	
23	6,30569	
23	6,30569	
23	5,66483	
23	5,34439	
23	5,34439	
23	5,18417	
23	10,6306	
23	5,82504	
23	7,267	
23	8,54778	
23	10,15	
23	7,10678	
23	9,02843	
23	6,30569	
23	8,86822	
23	43,1509	
23	48,7576	
23	48,5973	
23	46,6747	
23	44,1122	
23	40,4272	
23	37,8637	
23	37,2238	
23	37,5433	
23	38,1842	
23	31,7764	
23	34,1797	
23	27,6117	
23	25,6891	
23	24,4074	
23	22,4857	
23	21,0438	
23	21,8449	
23	24,2472	
23	27,1311	
23	21,5244	
23	20,0825	
23	16,7179	
23	13,6747	
23	15,9168	
23	13,835	
23	13,0339	
23	16,8781	
23	13,6747	
23	13,9952	
23	11,2715	
23	11,1113	
23	8,86822	
23	8,86822	
23	10,15	
23	14,3156	
23	18,4803	
23	15,4362	
23	12,7134	
23	10,3102	
23	8,22735	
23	8,54778	
23	9,50909	
23	10,3102	
23	17,1986	
23	11,5919	
23	10,3102	
23	8,38757	
23	6,78635	
23	5,82504	
23	9,34887	
23	14,7963	
23	15,2769	
23	12,8736	
23	10,4704	
23	7,267	
23	5,02396	
23	7,90787	
23	6,78635	
23	9,6693	
23	13,6747	
23	11,4317	
23	9,98974	
23	11,7521	
23	5,18417	
23	5,50461	
23	6,46591	
23	9,98974	
23	14,636	
23	12,0726	
23	9,34887	
23	7,74765	
23	3,582	
23	4,70352	
23	5,66483	
23	9,6693	
23	16,077	
23	9,34887	
23	5,98526	
23	3,42178	
23	3,582	
23	3,26157	
23	6,46591	
23	13,3543	
23	22,1653	
23	12,0726	
23	9,98974	
23	6,30569	
23	5,50461	
23	5,50461	
23	7,42722	
23	9,82952	
23	9,18865	
23	9,34887	
23	7,42722	
23	4,86374	
23	8,54778	
23	4,22287	
23	6,94656	
23	12,5532	
23	10,7908	
23	9,82952	
23	6,46591	
23	7,267	
23	6,62613	
23	5,02396	
23	8,38757	
23	12,393	
23	10,4704	
23	8,708	
23	7,10678	
23	5,02396	
23	4,5433	
23	4,06265	
23	8,38757	
23	14,4758	
23	13,6747	
23	13,835	
23	5,18417	
23	5,82504	
23	4,06265	
23	5,50461	
23	8,38757	
23	15,5964	
23	8,54778	
23	5,82504	
23	2,94113	
23	2,78091	
23	2,94113	
23	6,30569	
23	10,6306	
23	19,9223	
23	11,4317	
23	7,74765	
23	5,98526	
23	5,50461	
23	5,66483	
23	9,34887	
23	10,4704	
23	9,18865	
23	8,708	
23	7,267	
23	5,02396	
23	6,14548	
23	4,38309	
23	7,267	
23	12,393	
23	11,4317	
23	9,50909	
23	6,78635	
23	4,22287	
23	3,90244	
23	5,18417	
23	8,38757	
23	11,7521	
23	10,4704	
23	13,1941	
23	6,62613	
23	5,50461	
23	5,34439	
23	6,94656	
23	9,18865	
23	13,5145	
23	14,1554	
23	11,2715	
23	5,50461	
23	3,42178	
23	4,38309	
23	5,18417	
23	11,5919	
23	13,3543	
23	8,708	
23	6,14548	
23	5,18417	
23	3,10135	
23	3,26157	
23	5,98526	
23	9,98974	
23	16,8781	
23	11,5919	
23	7,58743	
23	6,30569	
23	5,50461	
23	11,1113	
23	6,62613	
23	9,82952	
23	9,18865	
23	8,54778	
23	6,62613	
23	4,70352	
23	3,74222	
23	4,70352	
23	6,78635	
23	12,5532	
23	11,7521	
23	9,6693	
23	9,02843	
23	4,06265	
23	3,90244	
23	5,18417	
23	8,22735	
23	11,7521	
23	13,5145	
23	9,18865	
23	6,78635	
23	5,66483	
23	5,18417	
23	5,98526	
23	9,34887	
23	13,0339	
23	10,951	
23	8,86822	
23	5,34439	
23	3,74222	
23	4,22287	
23	7,90787	
23	8,38757	
23	13,3543	
23	9,34887	
23	6,78635	
23	2,6207	
23	3,42178	
23	8,38757	
23	6,14548	
23	10,6306	
23	15,9168	
23	11,1113	
23	7,42722	
23	5,82504	
23	7,74765	
23	5,98526	
23	6,78635	
23	10,15	
23	8,86822	
23	8,54778	
23	6,46591	
23	6,78635	
23	3,90244	
23	4,06265	
23	4,70352	
23	12,393	
23	11,5919	
23	11,9123	
23	8,22735	
23	4,06265	
23	6,30569	
23	4,86374	
23	8,22735	
23	12,2328	
23	10,3102	
23	9,02843	
23	9,34887	
23	5,02396	
23	5,18417	
23	6,14548	
23	9,34887	
23	14,1554	
23	13,5145	
23	9,18865	
23	6,30569	
23	4,38309	
23	9,34887	
23	5,34439	
23	10,7908	
23	13,0339	
23	8,38757	
23	5,82504	
23	3,26157	
23	3,90244	
23	5,66483	
23	10,7908	
23	10,4704	
23	16,8781	
23	11,7521	
23	7,58743	
23	5,66483	
23	5,66483	
23	5,18417	
23	6,94656	
23	10,15	
23	9,18865	
23	8,708	
23	6,94656	
23	4,86374	
23	4,5433	
23	4,38309	
23	6,78635	
23	12,7134	
23	11,7521	
23	9,82952	
23	6,78635	
23	4,06265	
23	4,06265	
23	5,18417	
23	7,58743	
23	11,9123	
23	13,0339	
23	7,90787	
23	6,78635	
23	5,50461	
23	5,18417	
23	7,10678	
23	11,7521	
23	13,6747	
23	11,5919	
23	9,50909	
23	5,34439	
23	3,26157	
23	4,06265	
23	8,54778	
23	8,38757	
23	13,835	
23	9,18865	
23	6,30569	
23	2,78091	
23	7,267	
23	3,26157	
23	6,30569	
23	10,3102	
23	16,5577	
23	11,7521	
23	7,58743	
23	9,18865	
23	7,74765	
23	5,18417	
23	7,10678	
23	10,4704	
23	8,86822	
23	10,4704	
23	9,34887	
23	4,70352	
23	4,06265	
23	4,86374	
23	7,267	
23	12,2328	
23	13,6747	
23	9,34887	
23	6,46591	
23	4,86374	
23	4,86374	
23	5,02396	
23	10,7908	
23	11,5919	
23	9,98974	
23	8,708	
23	6,78635	
23	5,02396	
23	5,02396	
23	10,3102	
23	8,86822	
23	14,1554	
23	11,1113	
23	9,6693	
23	5,66483	
23	7,90787	
23	3,582	
23	5,18417	
23	10,951	
23	16,2373	
23	8,38757	
23	6,46591	
23	4,86374	
23	5,66483	
23	3,582	
23	6,78635	
23	11,5919	
23	16,3975	
23	11,2715	
23	10,15	
23	5,34439	
23	5,18417	
23	5,66483	
23	6,78635	
23	10,4704	
23	8,86822	
23	13,3543	
23	6,62613	
23	7,42722	
23	3,90244	
23	4,5433	
23	7,267	
23	13,9952	
23	11,2715	
23	12,393	
24	6,94656	
24	5,18417	
24	4,06265	
24	5,18417	
24	11,1113	
24	13,0339	
24	10,15	
24	8,708	
24	6,78635	
24	5,18417	
24	5,18417	
24	8,708	
24	8,38757	
24	13,5145	
24	11,1113	
24	9,50909	
24	5,82504	
24	5,50461	
24	7,10678	
24	5,18417	
24	8,708	
24	14,4758	
24	8,54778	
24	5,82504	
24	7,58743	
24	3,26157	
24	4,86374	
24	6,14548	
24	10,951	
24	16,5577	
24	11,5919	
24	7,10678	
24	5,66483	
24	5,02396	
24	6,14548	
24	7,267	
24	10,3102	
24	12,8736	
24	8,708	
24	6,94656	
24	5,02396	
24	3,582	
24	4,22287	
24	9,50909	
24	14,7963	
24	10,951	
24	10,3102	
24	6,78635	
24	4,5433	
24	4,22287	
24	5,02396	
24	9,02843	
24	11,2715	
24	10,4704	
24	9,02843	
24	7,42722	
24	5,50461	
24	10,6306	
24	5,82504	
24	8,86822	
24	13,6747	
24	11,1113	
24	9,50909	
24	5,66483	
24	2,94113	
24	4,70352	
24	5,18417	
24	8,54778	
24	13,1941	
24	9,02843	
24	8,86822	
24	3,10135	
24	3,42178	
24	3,90244	
24	6,14548	
24	11,4317	
24	16,8781	
24	14,636	
24	7,42722	
24	5,82504	
24	5,34439	
24	5,66483	
24	6,78635	
24	12,0726	
24	8,86822	
24	8,22735	
24	7,10678	
24	5,34439	
24	4,06265	
24	6,78635	
24	6,46591	
24	11,5919	
24	10,4704	
24	10,15	
24	8,708	
24	6,46591	
24	6,62613	
24	4,86374	
24	8,06808	
24	12,393	
24	10,4704	
24	9,6693	
24	6,94656	
24	6,30569	
24	5,18417	
24	5,82504	
24	8,86822	
24	13,5145	
24	10,951	
24	11,4317	
24	5,82504	
24	3,42178	
24	3,582	
24	5,18417	
24	8,38757	
24	14,4758	
24	7,74765	
24	6,46591	
24	3,582	
24	3,42178	
24	3,42178	
24	6,62613	
24	12,7134	
24	21,5244	
24	11,4317	
24	7,42722	
24	6,30569	
24	5,02396	
24	5,66483	
24	11,2715	
24	9,82952	
24	8,54778	
24	9,18865	
24	7,42722	
24	5,34439	
24	3,582	
24	3,90244	
24	6,62613	
24	11,7521	
24	11,2715	
24	10,3102	
24	7,10678	
24	6,30569	
24	4,22287	
24	4,70352	
24	7,90787	
24	12,2328	
24	10,3102	
24	9,6693	
24	9,02843	
24	5,18417	
24	5,02396	
24	5,98526	
24	8,54778	
24	13,1941	
24	13,835	
24	9,50909	
24	5,50461	
24	3,90244	
24	4,06265	
24	5,34439	
24	8,22735	
24	18,961	
24	8,86822	
24	6,62613	
24	3,10135	
24	3,26157	
24	3,582	
24	9,18865	
24	9,50909	
24	16,3975	
24	11,7521	
24	7,90787	
24	5,82504	
24	5,34439	
24	4,86374	
24	6,62613	
24	9,50909	
24	9,18865	
24	8,86822	
24	7,42722	
24	4,5433	
24	4,22287	
24	4,06265	
24	6,46591	
24	11,9123	
24	10,951	
24	10,3102	
24	9,34887	
24	6,62613	
24	3,74222	
24	5,18417	
24	7,58743	
24	11,9123	
24	12,7134	
24	14,1554	
24	6,78635	
24	8,06808	
24	10,15	
24	5,18417	
24	11,2715	
24	14,636	
24	11,4317	
24	9,82952	
24	5,66483	
24	3,582	
24	4,22287	
24	5,66483	
24	11,1113	
24	15,7566	
24	12,8736	
24	6,30569	
24	3,26157	
24	3,90244	
24	3,42178	
24	7,42722	
24	9,82952	
24	16,077	
24	12,2328	
24	8,708	
24	6,62613	
24	8,22735	
24	5,50461	
24	6,62613	
24	9,98974	
24	13,6747	
24	8,708	
24	7,10678	
24	8,86822	
24	4,22287	
24	4,38309	
24	6,78635	
24	11,4317	
24	10,951	
24	14,1554	
24	7,10678	
24	4,22287	
24	4,06265	
24	5,18417	
24	7,42722	
24	16,8781	
24	10,3102	
24	9,82952	
24	6,94656	
24	5,34439	
24	4,86374	
24	5,34439	
24	11,1113	
24	15,5964	
24	11,1113	
24	10,15	
24	6,14548	
24	3,42178	
24	3,26157	
24	6,78635	
24	7,42722	
24	13,0339	
24	9,6693	
24	6,62613	
24	3,10135	
24	5,98526	
24	3,26157	
24	5,98526	
24	9,6693	
24	15,5964	
24	12,393	
24	7,90787	
24	10,7908	
24	4,86374	
24	5,18417	
24	6,46591	
24	9,6693	
24	13,835	
24	9,02843	
24	7,267	
24	7,58743	
24	3,90244	
24	4,22287	
24	5,98526	
24	11,4317	
24	9,6693	
24	12,5532	
24	6,94656	
24	5,18417	
24	4,38309	
24	5,18417	
24	6,94656	
24	11,9123	
24	9,98974	
24	9,82952	
24	7,10678	
24	5,18417	
24	5,18417	
24	8,38757	
24	13,5145	
24	12,8736	
24	11,4317	
24	9,82952	
24	5,82504	
24	3,582	
24	7,267	
24	4,5433	
24	7,58743	
24	13,5145	
24	9,18865	
24	6,30569	
24	5,82504	
24	2,78091	
24	4,70352	
24	5,98526	
24	9,50909	
24	15,9168	
24	12,0726	
24	8,22735	
24	6,14548	
24	5,02396	
24	5,02396	
24	6,94656	
24	8,708	
24	13,3543	
24	11,4317	
24	6,78635	
24	4,86374	
24	6,62613	
24	6,46591	
24	7,42722	
24	12,8736	
24	15,5964	
24	10,6306	
24	7,58743	
24	4,70352	
24	3,90244	
24	5,02396	
24	7,74765	
24	11,4317	
24	10,3102	
24	9,82952	
24	6,94656	
24	5,50461	
24	5,02396	
24	5,18417	
24	7,74765	
24	12,393	
24	11,1113	
24	10,15	
24	6,30569	
24	4,5433	
24	37,0636	
24	45,393	
24	46,8349	
24	52,6018	
24	40,4272	
24	36,7432	
24	35,3012	
24	35,7819	
24	31,2958	
24	37,7035	
24	29,8548	
24	32,2571	
24	28,0924	
24	24,888	
24	24,888	
24	27,4515	
24	22,646	
24	22,9654	
24	18,8007	
24	20,5631	
24	16,3975	
24	25,6891	
24	22,3255	
24	18,1599	
24	11,5919	
24	11,9123	
24	18,3201	
24	16,7179	
24	17,0383	
24	12,0726	
24	10,15	
24	11,9123	
24	23,2859	
24	20,0825	
24	11,5919	
24	6,46591	
24	7,90787	
24	14,636	
24	13,3543	
24	10,15	
24	6,46591	
24	5,98526	
24	12,7134	
24	15,2769	
24	12,8736	
24	7,42722	
24	5,98526	
24	8,708	
24	17,8394	
24	10,4704	
24	6,30569	
24	4,22287	
24	12,393	
24	19,4416	
24	14,3156	
24	7,10678	
24	4,38309	
24	6,46591	
24	14,3156	
24	13,1941	
24	9,82952	
24	4,38309	
24	6,30569	
24	14,9565	
24	14,1554	
24	9,98974	
24	5,02396	
24	4,38309	
24	11,5919	
24	10,6306	
24	5,34439	
24	3,74222	
24	5,18417	
24	12,0726	
24	14,3156	
24	8,54778	
24	3,74222	
24	4,06265	
24	11,7521	
24	11,1113	
24	7,74765	
24	3,74222	
24	4,06265	
24	10,4704	
24	13,3543	
24	13,835	
24	3,26157	
24	3,10135	
24	7,90787	
24	10,6306	
24	9,6693	
24	7,10678	
24	6,94656	
24	10,7908	
24	20,0825	
24	13,3543	
24	5,82504	
24	2,46048	
24	5,34439	
24	11,5919	
24	12,5532	
24	4,86374	
24	1,81961	
24	5,82504	
24	18,4803	
24	12,5532	
24	6,94656	
24	3,26157	
24	8,38757	
24	17,6792	
24	9,6693	
24	5,82504	
24	2,14005	
24	8,38757	
24	18,4803	
24	13,1941	
24	6,62613	
24	2,46048	
24	5,50461	
24	13,6747	
24	12,393	
24	6,78635	
24	3,42178	
24	5,02396	
24	12,8736	
24	13,5145	
24	9,6693	
24	1,81961	
24	2,94113	
24	10,4704	
24	10,15	
24	4,70352	
24	3,90244	
24	6,94656	
24	10,951	
24	15,2769	
24	9,50909	
24	5,18417	
24	4,70352	
24	9,34887	
24	10,7908	
24	10,3102	
24	3,26157	
24	2,78091	
24	8,708	
24	13,5145	
24	10,15	
24	3,74222	
24	3,42178	
24	7,90787	
24	10,7908	
24	8,22735	
24	4,22287	
24	5,50461	
25	7,10678	
25	19,9223	
25	11,5919	
25	3,26157	
25	2,46048	
25	6,94656	
25	11,5919	
25	7,90787	
25	1,33896	
25	1,65939	
25	6,14548	
25	20,7233	
25	12,0726	
25	5,02396	
25	3,10135	
25	5,82504	
25	15,4362	
25	11,2715	
25	8,54778	
25	2,14005	
25	4,86374	
25	15,4362	
25	12,7134	
25	6,14548	
25	4,06265	
25	4,38309	
25	14,636	
25	12,393	
25	6,62613	
25	3,90244	
25	9,6693	
25	16,8781	
25	15,5964	
25	7,42722	
25	1,65939	
25	3,582	
25	11,1113	
25	13,5145	
25	6,62613	
25	1,49918	
25	2,6207	
25	11,1113	
25	13,5145	
25	7,74765	
25	6,30569	
25	4,5433	
25	9,34887	
25	10,4704	
25	7,90787	
25	3,582	
25	5,82504	
25	14,7963	
25	13,5145	
25	10,15	
25	3,26157	
25	2,78091	
25	7,90787	
25	15,9168	
25	9,02843	
25	6,94656	
25	3,26157	
25	11,1113	
25	22,646	
25	10,6306	
25	6,62613	
25	2,6207	
25	7,58743	
25	8,54778	
25	9,98974	
25	1,81961	
25	1,49918	
25	6,30569	
25	20,4029	
25	12,8736	
25	7,267	
25	3,10135	
25	5,18417	
25	13,835	
25	8,54778	
25	8,54778	
25	2,78091	
25	5,02396	
25	15,9168	
25	13,1941	
25	6,62613	
25	2,30026	
25	7,10678	
25	13,1941	
25	11,7521	
25	6,78635	
25	3,10135	
25	5,18417	
25	16,077	
25	17,9996	
25	4,5433	
25	1,97983	
25	4,06265	
25	10,6306	
25	10,6306	
25	8,38757	
25	1,49918	
25	5,18417	
25	10,6306	
25	14,4758	
25	10,951	
25	8,86822	
25	4,70352	
25	9,6693	
25	10,6306	
25	7,74765	
25	3,26157	
25	2,46048	
25	9,18865	
25	13,0339	
25	9,82952	
25	4,06265	
25	3,74222	
25	7,74765	
25	13,9952	
25	12,0726	
25	4,38309	
25	3,26157	
25	7,74765	
25	19,6018	
25	11,5919	
25	6,46591	
25	5,18417	
25	5,50461	
25	9,02843	
25	7,58743	
25	1,17874	
25	4,06265	
25	6,14548	
25	17,3588	
25	12,393	
25	5,50461	
25	3,10135	
25	5,98526	
25	13,835	
25	9,6693	
25	5,34439	
25	2,46048	
25	6,94656	
25	16,077	
25	13,3543	
25	6,46591	
25	5,18417	
25	4,70352	
25	11,9123	
25	10,6306	
25	6,78635	
25	3,26157	
25	6,46591	
25	13,1941	
25	13,3543	
25	7,74765	
25	1,49918	
25	3,582	
25	12,7134	
25	9,98974	
25	4,86374	
25	2,6207	
25	3,26157	
25	10,951	
25	16,7179	
25	8,06808	
25	3,90244	
25	3,90244	
25	8,86822	
25	10,3102	
25	7,58743	
25	8,06808	
25	3,10135	
25	8,86822	
25	12,2328	
25	10,15	
25	3,90244	
25	3,90244	
25	7,42722	
25	13,0339	
25	14,3156	
25	6,94656	
25	5,66483	
25	9,98974	
25	22,9654	
25	13,0339	
25	4,70352	
25	2,30026	
25	5,18417	
25	15,1167	
25	11,2715	
25	4,5433	
25	1,17874	
25	5,50461	
25	17,1986	
25	13,9952	
25	6,30569	
25	5,18417	
25	5,18417	
25	12,8736	
25	8,86822	
25	5,82504	
25	4,86374	
25	7,74765	
25	17,1986	
25	13,0339	
25	7,10678	
25	2,78091	
25	6,14548	
25	13,0339	
25	14,636	
25	6,94656	
25	3,582	
25	4,5433	
25	12,393	
25	11,7521	
25	7,74765	
25	5,18417	
25	4,22287	
25	9,82952	
25	10,4704	
25	4,86374	
25	1,49918	
25	2,78091	
25	10,7908	
25	14,1554	
25	10,951	
25	4,5433	
25	3,26157	
25	8,22735	
25	13,5145	
25	12,8736	
25	3,26157	
25	2,94113	
25	8,708	
25	12,393	
25	11,4317	
25	0,699043	
25	5,34439	
25	7,42722	
25	9,82952	
25	9,82952	
25	4,70352	
25	3,42178	
25	10,4704	
25	20,4029	
25	14,1554	
25	4,5433	
25	2,30026	
25	4,86374	
25	14,9565	
25	11,1113	
25	1,97983	
25	1,65939	
25	6,46591	
25	16,2373	
25	12,7134	
25	9,02843	
25	3,26157	
25	5,18417	
25	13,835	
25	10,4704	
25	6,14548	
25	3,582	
25	7,74765	
25	14,1554	
25	13,5145	
25	7,267	
25	2,14005	
25	4,06265	
25	11,4317	
25	12,2328	
25	7,267	
25	3,582	
25	4,70352	
25	14,9565	
25	12,7134	
25	11,2715	
25	2,30026	
25	3,10135	
25	9,82952	
25	10,7908	
25	5,18417	
25	1,33896	
25	4,86374	
25	9,82952	
25	13,6747	
25	8,86822	
25	4,70352	
25	4,22287	
25	10,4704	
25	15,7566	
25	8,06808	
25	3,582	
25	2,6207	
25	8,38757	
25	12,393	
25	12,0726	
25	3,90244	
25	5,02396	
25	6,62613	
25	9,6693	
25	9,34887	
25	3,90244	
25	6,46591	
25	10,3102	
25	18,961	
25	12,2328	
25	4,38309	
25	2,14005	
25	5,02396	
25	18,3201	
25	13,9952	
25	1,65939	
25	2,78091	
25	6,14548	
25	16,077	
25	15,2769	
25	6,30569	
25	2,6207	
25	4,22287	
25	12,8736	
25	9,98974	
25	6,14548	
25	5,02396	
25	4,22287	
25	14,9565	
25	13,3543	
25	7,10678	
25	2,46048	
25	5,98526	
25	11,4317	
25	14,4758	
25	7,267	
25	3,42178	
25	4,5433	
25	13,835	
25	14,3156	
25	9,98974	
25	2,46048	
25	3,582	
25	9,82952	
25	13,5145	
25	7,58743	
25	3,90244	
25	2,46048	
25	9,18865	
25	14,1554	
25	9,18865	
25	3,74222	
25	6,46591	
25	12,2328	
25	11,5919	
25	8,22735	
25	3,90244	
25	2,78091	
25	8,708	
25	17,519	
25	10,6306	
25	4,38309	
25	2,46048	
25	7,10678	
25	11,4317	
25	11,2715	
25	4,5433	
25	4,06265	
25	7,10678	
25	18,1599	
25	11,5919	
25	4,22287	
25	5,02396	
25	4,5433	
25	14,9565	
25	8,708	
25	2,14005	
25	1,97983	
25	6,46591	
25	16,077	
25	13,0339	
25	6,14548	
25	2,46048	
25	5,50461	
25	12,5532	
25	12,7134	
25	10,4704	
25	2,6207	
25	4,38309	
25	13,9952	
25	13,1941	
25	10,15	
25	7,42722	
25	4,5433	
25	12,7134	
25	11,9123	
25	6,94656	
25	3,90244	
25	9,34887	
25	12,2328	
25	12,8736	
25	8,38757	
25	2,30026	
25	3,74222	
25	9,34887	
25	12,8736	
25	5,18417	
25	1,65939	
25	2,30026	
25	9,34887	
25	13,1941	
25	12,393	
25	6,14548	
25	5,50461	
25	10,4704	
25	13,0339	
25	8,54778	
25	6,14548	
25	5,34439	
25	10,6306	
25	11,7521	
25	11,2715	
25	4,5433	
25	2,78091	
25	6,78635	
25	11,4317	
25	9,82952	
25	4,5433	
25	3,42178	
25	6,94656	
25	17,519	
25	13,835	
25	5,02396	
25	4,38309	
25	5,18417	
25	14,4758	
25	9,18865	
25	2,14005	
25	4,38309	
25	7,10678	
25	15,2769	
25	12,7134	
25	6,30569	
25	5,34439	
25	5,50461	
25	12,5532	
25	13,1941	
25	6,46591	
25	3,10135	
25	3,90244	
25	13,6747	
25	16,3975	
25	12,8736	
25	6,14548	
25	5,82504	
25	13,1941	
25	11,2715	
25	6,94656	
25	4,38309	
25	7,10678	
25	14,4758	
25	12,8736	
25	8,54778	
25	2,30026	
25	2,78091	
25	10,7908	
25	10,951	
25	5,98526	
25	1,49918	
25	4,70352	
25	8,22735	
25	13,5145	
25	12,5532	
25	9,50909	
25	3,90244	
25	7,58743	
25	9,6693	
25	9,02843	
25	3,90244	
25	7,267	
25	6,94656	
25	20,4029	
25	11,2715	
25	4,5433	
25	3,42178	
25	8,06808	
25	14,9565	
25	13,3543	
25	4,86374	
25	3,10135	
25	6,46591	
25	16,5577	
25	13,835	
25	7,58743	
25	1,81961	
25	3,90244	
25	13,5145	
25	8,54778	
25	5,50461	
25	2,6207	
25	4,38309	
26	13,9952	
26	14,1554	
26	6,94656	
26	3,74222	
26	7,58743	
26	11,7521	
26	10,4704	
26	6,46591	
26	3,10135	
26	3,582	
26	14,7963	
26	18,4803	
26	8,54778	
26	3,74222	
26	4,06265	
26	10,15	
26	13,9952	
26	9,6693	
26	7,58743	
26	6,14548	
26	10,4704	
26	12,8736	
26	10,15	
26	4,5433	
26	4,86374	
26	10,4704	
26	10,3102	
26	6,14548	
26	1,65939	
26	1,65939	
26	10,15	
26	15,1167	
26	11,5919	
26	4,86374	
26	2,94113	
26	8,54778	
26	15,1167	
26	11,7521	
26	7,267	
26	4,5433	
26	7,10678	
26	18,4803	
26	11,7521	
26	7,90787	
26	6,94656	
26	5,50461	
26	13,835	
26	11,7521	
26	5,66483	
26	5,98526	
26	5,98526	
26	14,9565	
26	13,1941	
26	5,82504	
26	2,30026	
26	4,06265	
26	13,6747	
26	11,4317	
26	4,22287	
26	1,49918	
26	3,74222	
26	12,5532	
26	18,961	
26	6,94656	
26	3,74222	
26	4,86374	
26	10,951	
26	10,4704	
26	7,10678	
26	5,50461	
26	6,14548	
26	11,1113	
26	13,6747	
26	9,34887	
26	2,78091	
26	3,42178	
26	11,1113	
26	11,4317	
26	8,38757	
26	4,06265	
26	3,74222	
26	9,18865	
26	14,4758	
26	10,7908	
26	3,42178	
26	2,78091	
26	6,62613	
26	10,3102	
26	7,58743	
26	7,267	
26	1,49918	
26	6,94656	
26	19,1212	
26	12,8736	
26	5,66483	
26	2,78091	
26	9,18865	
26	17,9996	
26	9,02843	
26	4,70352	
26	2,30026	
26	6,46591	
26	20,0825	
26	14,9565	
26	5,82504	
26	2,46048	
26	5,18417	
26	13,0339	
26	14,3156	
26	7,42722	
26	3,90244	
26	5,50461	
26	13,835	
26	13,1941	
26	6,14548	
26	5,02396	
26	8,708	
26	14,4758	
26	9,98974	
26	5,50461	
26	1,81961	
26	3,74222	
26	12,2328	
26	14,1554	
26	10,951	
26	3,74222	
26	4,06265	
26	12,2328	
26	12,5532	
26	7,74765	
26	3,26157	
26	3,42178	
26	9,6693	
26	13,835	
26	9,34887	
26	6,14548	
26	3,90244	
26	8,06808	
26	11,9123	
26	8,54778	
26	4,22287	
26	3,74222	
26	11,2715	
26	20,5631	
26	13,3543	
26	3,90244	
26	2,14005	
26	5,82504	
26	11,9123	
26	8,38757	
26	1,81961	
26	1,17874	
26	10,4704	
26	18,8007	
26	13,835	
26	9,34887	
26	4,86374	
26	8,22735	
26	14,3156	
26	9,50909	
26	5,34439	
26	4,38309	
26	5,50461	
26	16,077	
26	13,0339	
26	6,46591	
26	2,78091	
26	4,86374	
26	13,0339	
26	13,5145	
26	5,66483	
26	3,42178	
26	5,18417	
26	19,1212	
26	16,3975	
26	7,42722	
26	2,30026	
26	5,34439	
26	11,1113	
26	10,3102	
26	5,18417	
26	3,90244	
26	6,46591	
26	11,1113	
26	16,8781	
26	7,58743	
26	3,74222	
26	6,62613	
26	9,18865	
26	10,7908	
26	8,06808	
26	3,74222	
26	3,10135	
26	9,34887	
26	17,9996	
26	13,5145	
26	4,38309	
26	2,94113	
26	7,267	
26	10,4704	
26	8,38757	
26	7,42722	
26	4,38309	
26	8,06808	
26	19,4416	
26	11,9123	
26	4,22287	
26	4,38309	
26	8,22735	
26	15,7566	
26	9,34887	
26	2,14005	
26	1,81961	
26	5,50461	
26	19,9223	
26	16,8781	
26	5,66483	
26	3,26157	
26	5,98526	
26	12,7134	
26	11,4317	
26	5,82504	
26	2,94113	
26	4,70352	
26	15,2769	
26	13,5145	
26	7,10678	
26	6,94656	
26	5,02396	
26	13,6747	
26	11,4317	
26	6,78635	
26	3,74222	
26	9,02843	
26	12,393	
26	13,3543	
26	8,38757	
26	3,42178	
26	4,06265	
26	12,5532	
26	12,0726	
26	40,5874	
26	38,6648	
26	38,6648	
26	48,7576	
26	46,6747	
26	39,3057	
26	36,2625	
26	33,2184	
26	42,1896	
26	30,4947	
26	26,9709	
26	27,9322	
26	37,2238	
26	35,9421	
26	24,4074	
26	16,7179	
26	22,4857	
26	23,9267	
26	17,6792	
26	19,1212	
26	20,8836	
26	25,2085	
26	21,204	
26	10,951	
26	12,393	
26	20,8836	
26	12,2328	
26	9,34887	
26	16,2373	
26	23,1256	
26	16,2373	
26	10,951	
26	12,7134	
26	13,1941	
26	9,50909	
26	6,30569	
26	12,5532	
26	17,519	
26	13,5145	
26	8,86822	
26	14,4758	
26	14,4758	
26	9,98974	
26	5,66483	
26	18,3201	
26	17,519	
26	4,22287	
26	5,02396	
26	12,393	
26	10,951	
26	2,78091	
26	9,34887	
26	14,3156	
26	9,34887	
26	0,378609	
26	6,62613	
26	11,2715	
26	9,02843	
26	2,46048	
26	13,1941	
26	14,3156	
26	5,02396	
26	2,6207	
26	12,0726	
26	14,3156	
26	3,90244	
26	3,74222	
26	23,4461	
26	11,4317	
26	0,0581741	
26	9,02843	
26	11,1113	
26	5,34439	
26	-0,90313	
26	9,02843	
26	15,7566	
26	6,46591	
26	5,18417	
26	13,835	
26	9,50909	
26	3,26157	
26	0,538826	
26	21,5244	
26	15,5964	
26	6,78635	
26	4,22287	
26	11,1113	
26	4,86374	
26	5,66483	
26	7,74765	
26	16,7179	
26	5,18417	
26	2,14005	
26	9,34887	
26	9,82952	
26	1,17874	
26	4,70352	
26	20,4029	
26	11,7521	
26	0,699043	
26	6,46591	
26	8,708	
26	10,4704	
26	7,10678	
26	8,06808	
26	14,636	
26	10,3102	
26	1,17874	
26	6,30569	
26	12,2328	
26	3,582	
26	0,859261	
26	13,3543	
26	13,0339	
26	3,10135	
26	5,50461	
26	20,8836	
26	9,34887	
26	-0,742912	
26	5,02396	
26	12,0726	
26	6,78635	
26	5,18417	
26	10,951	
26	13,3543	
26	6,94656	
26	3,26157	
26	13,9952	
26	17,1986	
26	6,62613	
26	2,14005	
26	14,4758	
26	6,14548	
26	1,81961	
26	5,34439	
26	16,3975	
26	9,98974	
26	1,17874	
26	4,5433	
26	9,98974	
26	2,46048	
26	-1,86443	
26	14,9565	
26	17,1986	
26	7,42722	
26	5,34439	
26	13,3543	
26	7,42722	
26	6,78635	
26	3,26157	
26	10,3102	
26	9,34887	
26	2,46048	
26	4,86374	
26	11,5919	
26	9,34887	
26	0,699043	
26	10,15	
26	13,9952	
26	1,81961	
26	0,859261	
26	15,1167	
26	10,951	
26	-0,422478	
26	2,94113	
26	21,204	
26	9,98974	
26	2,30026	
26	8,06808	
26	11,1113	
26	5,82504	
26	3,582	
26	12,0726	
26	16,5577	
26	5,34439	
26	4,38309	
26	15,5964	
26	13,835	
26	3,10135	
26	3,582	
26	16,077	
26	11,1113	
26	5,50461	
26	4,22287	
26	10,4704	
26	4,38309	
26	2,14005	
26	7,42722	
26	17,9996	
26	8,708	
26	0,859261	
26	12,0726	
26	9,82952	
26	3,26157	
26	2,6207	
26	20,4029	
26	11,4317	
26	2,14005	
26	2,14005	
26	13,3543	
26	8,54778	
26	5,18417	
26	6,46591	
26	17,0383	
26	8,38757	
26	3,582	
26	12,0726	
26	12,5532	
26	3,42178	
26	2,46048	
26	17,8394	
26	14,7963	
26	5,98526	
26	6,30569	
26	9,6693	
26	7,74765	
26	4,5433	
26	5,82504	
26	14,7963	
26	5,98526	
26	1,49918	
26	11,9123	
26	15,7566	
26	3,42178	
26	3,10135	
26	12,393	
26	11,7521	
26	1,49918	
26	3,42178	
26	11,9123	
26	5,98526	
26	-2,18487	
26	5,02396	
26	15,7566	
26	10,951	
26	1,33896	
26	7,74765	
26	9,02843	
26	3,42178	
26	1,33896	
26	11,4317	
26	17,519	
26	3,42178	
26	1,97983	
26	14,4758	
26	8,38757	
26	-0,102043	
26	4,5433	
26	16,7179	
26	11,9123	
26	0,378609	
26	6,46591	
26	9,02843	
26	1,33896	
26	2,6207	
26	14,9565	
26	18,4803	
26	5,82504	
26	5,66483	
26	16,3975	
27	10,4704	
27	4,06265	
27	2,6207	
27	11,9123	
27	8,06808	
27	1,97983	
27	6,30569	
27	14,1554	
27	4,5433	
27	1,81961	
27	9,18865	
27	15,9168	
27	4,22287	
27	0,0581741	
27	18,1599	
27	7,74765	
27	2,14005	
27	2,30026	
27	20,7233	
27	10,15	
27	1,81961	
27	5,34439	
27	13,835	
27	5,02396	
27	1,17874	
27	8,22735	
27	14,1554	
27	9,02843	
27	4,38309	
27	11,4317	
27	10,6306	
27	0,859261	
27	2,78091	
27	18,961	
27	13,9952	
27	1,17874	
27	4,22287	
27	9,18865	
27	3,74222	
27	-0,582695	
27	10,951	
27	14,7963	
27	8,38757	
27	1,97983	
27	10,15	
27	9,82952	
27	0,699043	
27	2,94113	
27	18,1599	
27	9,34887	
27	4,5433	
27	6,30569	
27	10,6306	
27	13,5145	
27	2,46048	
27	10,6306	
27	13,6747	
27	5,98526	
27	-0,742912	
27	9,18865	
27	13,9952	
27	3,74222	
27	6,14548	
27	15,9168	
27	9,18865	
27	6,14548	
27	6,30569	
27	12,0726	
27	8,06808	
27	1,81961	
27	5,66483	
27	14,3156	
27	7,267	
27	4,06265	
27	13,3543	
27	11,7521	
27	6,62613	
27	2,30026	
27	13,835	
27	17,519	
27	2,30026	
27	2,30026	
27	5,66483	
27	4,86374	
27	-0,422478	
27	8,38757	
27	19,4416	
27	10,3102	
27	4,5433	
27	7,10678	
27	11,1113	
27	2,30026	
27	1,01852	
27	16,8781	
27	17,9996	
27	3,26157	
27	1,81961	
27	12,393	
27	7,58743	
27	5,98526	
27	8,06808	
27	15,5964	
27	9,6693	
27	-0,26226	
27	5,34439	
27	10,15	
27	4,86374	
27	4,22287	
27	12,393	
27	12,5532	
27	3,74222	
27	1,81961	
27	15,2769	
27	13,6747	
27	2,14005	
27	6,94656	
27	21,6846	
27	9,98974	
27	2,78091	
27	9,50909	
27	13,9952	
27	9,02843	
27	4,86374	
27	13,9952	
27	17,1986	
27	7,10678	
27	1,49918	
27	14,4758	
27	7,74765	
27	0,0581741	
27	1,49918	
27	19,9223	
27	9,98974	
27	6,14548	
27	4,5433	
27	10,951	
27	4,5433	
27	0,699043	
27	10,4704	
27	13,6747	
27	10,15	
27	1,01852	
27	10,6306	
27	9,82952	
27	3,26157	
27	4,06265	
27	21,0438	
27	16,2373	
27	4,38309	
27	3,10135	
27	10,4704	
27	2,94113	
27	-0,742912	
27	10,3102	
27	18,4803	
27	5,98526	
27	5,02396	
27	12,2328	
27	8,708	
27	2,6207	
27	4,22287	
27	15,7566	
27	11,4317	
27	2,6207	
27	3,90244	
27	10,3102	
27	10,7908	
27	5,02396	
27	6,62613	
27	12,0726	
27	9,6693	
27	0,859261	
27	11,7521	
27	15,7566	
27	1,49918	
27	0,0581741	
27	13,9952	
27	12,5532	
27	0,538826	
27	2,30026	
27	15,4362	
27	10,951	
27	0,859261	
27	5,98526	
27	15,4362	
27	8,54778	
27	5,50461	
27	10,4704	
27	16,7179	
27	4,22287	
27	0,378609	
27	16,077	
27	16,7179	
27	5,50461	
27	2,30026	
27	16,7179	
27	6,46591	
27	2,78091	
27	4,5433	
27	14,636	
27	7,10678	
27	1,97983	
27	4,22287	
27	14,636	
27	9,50909	
27	5,18417	
27	15,2769	
27	16,7179	
27	5,02396	
27	5,50461	
27	13,5145	
27	7,42722	
27	5,82504	
27	6,30569	
27	24,4074	
27	15,2769	
27	0,538826	
27	2,46048	
27	9,98974	
27	2,46048	
27	-2,18487	
27	9,02843	
27	15,5964	
27	4,86374	
27	1,97983	
27	12,2328	
27	7,90787	
27	4,38309	
27	5,66483	
27	23,6063	
27	13,835	
27	5,34439	
27	4,38309	
27	16,7179	
27	5,98526	
27	-0,742912	
27	12,0726	
27	13,835	
27	3,10135	
27	2,14005	
27	11,2715	
27	12,7134	
27	3,26157	
27	5,34439	
27	18,8007	
27	10,15	
27	4,86374	
27	7,42722	
27	15,4362	
27	11,4317	
27	5,02396	
27	7,10678	
27	14,636	
27	8,86822	
27	3,10135	
27	9,02843	
27	13,9952	
27	3,26157	
27	3,10135	
27	14,1554	
27	18,3201	
27	1,49918	
27	4,06265	
27	9,50909	
27	5,18417	
27	-1,86443	
27	10,6306	
27	19,4416	
27	10,6306	
27	1,33896	
27	8,708	
27	8,38757	
27	2,78091	
27	2,6207	
27	17,0383	
27	12,5532	
27	6,46591	
27	5,66483	
27	10,4704	
27	8,06808	
27	5,66483	
27	5,66483	
27	13,3543	
27	5,82504	
27	0,538826	
27	6,94656	
27	13,3543	
27	5,66483	
27	-0,422478	
27	14,3156	
27	16,077	
27	4,5433	
27	5,98526	
27	17,519	
27	7,90787	
27	-0,582695	
27	4,70352	
27	12,5532	
27	7,10678	
27	0,218391	
27	5,98526	
27	15,1167	
27	11,4317	
27	3,42178	
27	10,15	
27	14,1554	
27	7,90787	
27	4,86374	
27	13,1941	
27	7,90787	
27	-1,06335	
27	2,6207	
27	19,762	
27	13,0339	
27	8,22735	
27	5,82504	
27	9,34887	
27	4,70352	
27	1,17874	
27	9,6693	
27	13,835	
27	4,38309	
27	-0,742912	
27	11,7521	
27	11,2715	
27	3,10135	
27	7,267	
27	18,961	
27	9,82952	
27	0,538826	
27	3,90244	
27	8,54778	
27	8,54778	
27	-0,742912	
27	10,951	
27	18,1599	
27	6,94656	
27	1,17874	
27	9,6693	
27	13,0339	
27	5,82504	
27	1,01852	
27	17,519	
27	14,7963	
27	1,33896	
27	3,582	
27	14,636	
27	13,6747	
27	2,14005	
27	5,82504	
27	13,835	
27	5,98526	
27	3,74222	
27	9,18865	
27	9,6693	
27	-0,582695	
27	0,699043	
27	17,9996	
27	16,8781	
27	9,02843	
27	3,90244	
27	14,1554	
27	12,0726	
27	2,94113	
27	7,74765	
27	18,1599	
27	10,3102	
27	4,38309	
27	14,1554	
27	11,7521	
27	6,94656	
27	7,74765	
27	13,5145	
27	13,5145	
27	1,65939	
27	2,46048	
27	19,6018	
27	6,46591	
27	-0,26226	
27	7,90787	
27	20,5631	
27	7,74765	
27	-0,26226	
27	5,98526	
27	9,82952	
27	1,65939	
27	4,5433	
27	12,2328	
27	11,9123	
27	5,18417	
27	2,6207	
27	17,0383	
27	11,4317	
27	4,38309	
27	7,267	
27	20,8836	
27	9,6693	
27	3,74222	
27	8,708	
27	14,636	
27	1,81961	
27	-0,90313	
27	10,6306	
27	14,1554	
27	3,74222	
27	2,14005	
27	15,7566	
27	11,1113	
27	3,90244	
27	3,26157	
27	21,6846	
27	10,4704	
27	4,70352	
27	4,70352	
27	11,1113	
27	3,582	
27	1,33896	
27	9,34887	
27	17,3588	
27	11,4317	
27	1,97983	
27	10,6306	
27	8,38757	
27	0,538826	
27	-0,422478	
27	22,9654	
27	14,4758	
27	5,02396	
27	6,30569	
27	11,7521	
27	5,82504	
27	6,94656	
27	7,74765	
27	17,6792	
27	5,34439	
27	1,17874	
27	13,1941	
27	11,1113	
27	8,06808	
27	6,94656	
27	19,4416	
27	11,7521	
27	3,90244	
27	6,30569	
27	10,3102	
27	2,30026	
27	2,78091	
27	6,94656	
27	12,393	
27	5,82504	
27	2,14005	
27	13,5145	
27	13,3543	
27	3,42178	
27	0,699043	
27	18,961	
27	12,393	
27	3,74222	
27	5,50461	
27	12,5532	
27	5,34439	
27	1,65939	
27	6,62613	
27	14,3156	
27	13,5145	
27	1,81961	
27	7,267	
27	9,50909	
27	0,859261	
27	-1,22356	
27	12,8736	
27	12,0726	
27	0,859261	
27	1,97983	
27	14,9565	
27	5,82504	
27	0,859261	
27	8,86822	
27	17,6792	
27	8,06808	
27	3,74222	
27	6,14548	
27	11,4317	
27	4,5433	
27	5,18417	
27	12,0726	
27	12,8736	
27	1,17874	
27	1,65939	
27	15,2769	
27	10,15	
27	4,70352	
27	6,30569	
27	16,5577	
27	10,6306	
27	2,46048	
27	9,50909	
27	15,5964	
27	7,10678	
28	-1,38378	
28	9,98974	
28	13,835	
28	1,49918	
28	6,46591	
28	14,1554	
28	12,8736	
28	9,02843	
28	3,90244	
28	18,961	
28	12,2328	
28	3,90244	
28	7,42722	
28	10,4704	
28	4,06265	
28	1,33896	
28	11,4317	
28	15,1167	
28	9,02843	
28	2,94113	
28	12,0726	
28	9,18865	
28	3,10135	
28	2,46048	
28	23,2859	
28	16,077	
28	1,65939	
28	7,10678	
28	10,4704	
28	6,14548	
28	5,18417	
28	6,94656	
28	13,6747	
28	2,46048	
28	0,699043	
28	10,7908	
28	9,02843	
28	0,538826	
28	1,01852	
28	19,762	
28	14,4758	
28	2,6207	
28	2,46048	
28	16,8781	
28	7,42722	
28	4,5433	
28	6,62613	
28	14,636	
28	4,5433	
28	0,699043	
28	11,7521	
28	14,1554	
28	3,74222	
28	2,94113	
28	19,4416	
28	14,9565	
28	5,50461	
28	5,82504	
28	9,6693	
28	5,82504	
28	-2,18487	
28	5,02396	
28	14,4758	
28	9,6693	
28	6,46591	
28	8,86822	
28	11,1113	
28	4,06265	
28	1,49918	
28	12,7134	
28	17,8394	
28	2,14005	
28	3,582	
28	9,18865	
28	8,22735	
28	0,378609	
28	11,5919	
28	14,9565	
28	10,951	
28	0,218391	
28	6,46591	
28	8,06808	
28	0,538826	
28	2,78091	
28	15,4362	
28	12,8736	
28	5,50461	
28	5,66483	
28	14,1554	
28	10,951	
28	4,70352	
28	3,90244	
28	13,3543	
28	11,2715	
28	1,01852	
28	8,86822	
28	13,9952	
28	9,6693	
28	1,97983	
28	14,9565	
28	19,6018	
28	3,74222	
28	4,70352	
28	17,9996	
28	7,42722	
28	0,859261	
28	1,97983	
28	18,8007	
28	6,78635	
28	1,33896	
28	9,50909	
28	14,9565	
28	5,98526	
28	1,17874	
28	12,8736	
28	14,636	
28	4,86374	
28	3,582	
28	14,3156	
28	9,50909	
28	1,49918	
28	2,94113	
28	18,4803	
28	16,2373	
28	3,10135	
28	4,06265	
28	13,5145	
28	4,06265	
28	-0,26226	
28	9,98974	
28	17,8394	
28	5,02396	
28	-1,38378	
28	13,1941	
28	9,18865	
28	0,538826	
28	6,94656	
28	17,8394	
28	15,4362	
28	3,10135	
28	3,74222	
28	9,50909	
28	6,62613	
28	5,02396	
28	8,38757	
28	13,835	
28	5,98526	
28	-1,06335	
28	8,38757	
28	13,5145	
28	3,74222	
28	3,42178	
28	15,1167	
28	15,7566	
28	2,46048	
28	3,582	
28	17,0383	
28	8,54778	
28	0,538826	
28	3,10135	
28	13,5145	
28	7,10678	
28	3,90244	
28	12,7134	
28	12,8736	
28	8,38757	
28	8,86822	
28	49,078	
28	50,0393	
28	42,1896	
28	41,3885	
28	35,6216	
28	37,3831	
28	30,1743	
28	40,9079	
28	40,267	
28	31,6162	
28	30,1743	
28	30,8151	
28	28,4128	
28	22,9654	
28	39,6261	
28	30,014	
28	20,4029	
28	27,1311	
28	26,8106	
28	19,1212	
28	22,0051	
28	27,4515	
28	16,3975	
28	15,9168	
28	22,0051	
28	11,9123	
28	11,1113	
28	22,1653	
28	17,519	
28	11,7521	
28	27,7719	
28	15,5964	
28	9,34887	
28	28,2526	
28	17,8394	
28	8,38757	
28	21,204	
28	14,9565	
28	8,38757	
28	20,8836	
28	18,6405	
28	6,46591	
28	17,519	
28	12,2328	
28	3,90244	
28	17,1986	
28	17,8394	
28	6,62613	
28	14,9565	
28	14,636	
28	5,66483	
28	15,5964	
28	17,8394	
28	5,50461	
28	13,3543	
28	14,9565	
28	5,82504	
28	13,835	
28	17,9996	
28	4,70352	
28	11,9123	
28	12,5532	
28	2,14005	
28	12,0726	
28	17,519	
28	5,66483	
28	10,951	
28	13,3543	
28	4,86374	
28	12,393	
28	17,519	
28	4,86374	
28	11,5919	
28	14,3156	
28	5,02396	
28	13,0339	
28	17,1986	
28	3,74222	
28	10,6306	
28	11,9123	
28	1,65939	
28	11,5919	
28	16,5577	
28	4,86374	
28	10,3102	
28	13,0339	
28	3,74222	
28	13,0339	
28	16,8781	
28	4,06265	
28	11,5919	
28	13,1941	
28	4,22287	
28	13,6747	
28	16,2373	
28	3,42178	
28	10,951	
28	10,951	
28	1,33896	
28	12,8736	
28	15,7566	
28	4,38309	
28	10,951	
28	12,2328	
28	4,06265	
28	14,1554	
28	16,2373	
28	3,90244	
28	12,0726	
28	12,2328	
28	4,06265	
28	14,1554	
28	15,7566	
28	3,10135	
28	12,8736	
28	10,3102	
28	0,859261	
28	13,835	
28	14,7963	
28	3,90244	
28	12,2328	
28	11,9123	
28	3,26157	
28	15,7566	
28	14,636	
28	3,582	
28	13,9952	
28	12,0726	
28	3,90244	
28	16,3975	
28	14,9565	
28	2,94113	
28	13,835	
28	9,34887	
28	1,33896	
28	16,3975	
28	13,835	
28	3,42178	
28	13,6747	
28	10,951	
28	2,94113	
28	17,6792	
28	13,9952	
28	3,42178	
28	15,1167	
28	11,4317	
28	4,06265	
28	17,8394	
28	13,5145	
28	2,94113	
28	16,077	
28	8,708	
28	1,49918	
28	18,6405	
28	12,5532	
28	3,90244	
28	15,5964	
28	10,3102	
28	2,94113	
28	20,0825	
28	13,1941	
28	3,10135	
28	16,8781	
28	10,4704	
28	4,22287	
28	20,0825	
28	12,0726	
28	3,10135	
28	18,3201	
28	7,42722	
28	1,17874	
28	20,4029	
28	11,2715	
28	3,74222	
28	17,519	
28	9,34887	
28	3,10135	
28	22,8052	
28	11,7521	
28	3,10135	
28	19,2814	
28	9,6693	
28	4,22287	
28	22,8052	
28	10,951	
28	2,94113	
28	11,7521	
28	6,94656	
28	1,81961	
28	23,6063	
28	10,7908	
28	4,5433	
28	16,5577	
28	8,54778	
28	3,42178	
28	26,1698	
28	10,4704	
28	3,582	
28	12,8736	
28	8,22735	
28	4,70352	
28	25,5289	
28	9,34887	
28	3,74222	
28	13,0339	
28	5,66483	
28	2,46048	
28	15,9168	
28	9,50909	
28	4,38309	
28	13,1941	
28	7,267	
28	3,90244	
28	16,5577	
28	9,50909	
28	3,90244	
28	13,835	
28	7,90787	
28	5,34439	
28	16,5577	
28	8,06808	
28	3,90244	
28	13,9952	
28	4,06265	
28	3,42178	
28	17,3588	
28	8,708	
28	4,70352	
28	13,9952	
28	6,62613	
28	4,5433	
28	17,519	
28	7,58743	
28	4,5433	
28	14,4758	
28	6,62613	
28	5,50461	
28	17,6792	
28	6,46591	
28	4,86374	
28	14,636	
28	3,42178	
28	4,38309	
28	17,6792	
28	7,90787	
28	5,50461	
28	14,4758	
28	5,50461	
28	5,98526	
28	18,3201	
28	6,30569	
28	5,82504	
28	15,2769	
28	6,62613	
28	6,94656	
28	17,9996	
28	5,50461	
28	5,50461	
28	13,9952	
28	3,26157	
28	5,98526	
28	18,6405	
28	6,46591	
28	6,14548	
28	14,4758	
28	5,02396	
28	7,267	
28	18,3201	
28	5,18417	
28	6,78635	
28	14,9565	
28	5,82504	
28	8,22735	
28	17,8394	
28	4,38309	
28	6,94656	
28	13,6747	
28	2,30026	
28	7,58743	
28	17,8394	
28	5,66483	
28	7,10678	
28	13,835	
28	4,5433	
28	9,02843	
28	17,519	
28	4,70352	
28	8,38757	
28	14,9565	
28	4,86374	
28	9,6693	
28	17,0383	
28	3,582	
28	8,708	
28	13,5145	
28	1,97983	
28	9,50909	
28	17,519	
28	5,18417	
28	8,22735	
28	13,0339	
28	3,42178	
28	10,7908	
28	16,8781	
28	4,22287	
28	10,3102	
28	13,5145	
28	4,06265	
28	11,7521	
28	16,3975	
28	3,10135	
28	10,3102	
28	12,2328	
28	1,65939	
28	11,9123	
28	16,3975	
28	4,22287	
28	10,3102	
28	12,393	
28	3,10135	
28	13,3543	
28	16,077	
28	3,582	
28	12,2328	
28	13,0339	
28	3,582	
28	13,9952	
28	16,077	
28	3,10135	
28	12,7134	
28	10,951	
28	1,17874	
28	14,1554	
28	14,4758	
29	3,74222	
29	13,0339	
29	11,9123	
29	2,6207	
29	16,077	
29	14,3156	
29	3,10135	
29	13,9952	
29	11,2715	
29	3,74222	
29	17,0383	
29	14,4758	
29	2,6207	
29	15,1167	
29	9,34887	
29	0,859261	
29	17,6792	
29	13,3543	
29	3,74222	
29	15,1167	
29	10,15	
29	2,6207	
29	19,2814	
29	12,7134	
29	3,10135	
29	16,7179	
29	10,3102	
29	4,06265	
29	19,9223	
29	12,5532	
29	2,30026	
29	17,8394	
29	7,74765	
29	1,33896	
29	21,204	
29	11,9123	
29	3,42178	
29	17,3588	
29	9,18865	
29	3,10135	
29	23,1256	
29	11,4317	
29	3,10135	
29	12,8736	
29	9,98974	
29	4,22287	
29	23,2859	
29	10,7908	
29	2,94113	
29	12,7134	
29	6,46591	
29	1,97983	
29	24,087	
29	10,6306	
29	3,90244	
29	12,7134	
29	8,22735	
29	3,42178	
29	15,4362	
29	9,50909	
29	3,74222	
29	13,835	
29	8,38757	
29	4,86374	
29	16,077	
29	9,02843	
29	3,90244	
29	14,4758	
29	4,5433	
29	3,26157	
29	17,0383	
29	9,34887	
29	4,22287	
29	13,835	
29	6,78635	
29	4,70352	
29	16,8781	
29	8,54778	
29	4,22287	
29	14,4758	
29	7,10678	
29	5,82504	
29	17,6792	
29	6,78635	
29	4,5433	
29	14,636	
29	3,26157	
29	4,38309	
29	18,3201	
29	7,74765	
29	5,34439	
29	14,4758	
29	5,82504	
29	5,82504	
29	17,9996	
29	6,94656	
29	5,66483	
29	14,636	
29	6,46591	
29	7,267	
29	17,8394	
29	5,18417	
29	5,50461	
29	14,1554	
29	2,94113	
29	5,66483	
29	18,3201	
29	6,94656	
29	5,98526	
29	13,9952	
29	5,18417	
29	7,42722	
29	18,1599	
29	5,50461	
29	6,94656	
29	15,1167	
29	5,98526	
29	8,708	
29	18,1599	
29	4,38309	
29	6,94656	
29	13,6747	
29	1,97983	
29	7,74765	
29	18,1599	
29	5,66483	
29	7,10678	
29	13,1941	
29	4,22287	
29	8,54778	
29	17,3588	
29	4,5433	
29	8,54778	
29	14,636	
29	4,86374	
29	10,3102	
29	17,0383	
29	3,582	
29	8,86822	
29	13,6747	
29	1,97983	
29	9,98974	
29	17,0383	
29	5,18417	
29	9,02843	
29	12,5532	
29	3,42178	
29	11,5919	
29	17,0383	
29	3,42178	
29	10,6306	
29	13,5145	
29	4,06265	
29	12,5532	
29	16,2373	
29	2,6207	
29	11,2715	
29	12,0726	
29	1,17874	
29	12,8736	
29	15,7566	
29	4,22287	
29	11,4317	
29	12,2328	
29	2,94113	
29	14,1554	
29	15,4362	
29	3,582	
29	12,8736	
29	12,8736	
29	4,22287	
29	15,4362	
29	15,2769	
29	2,94113	
29	13,6747	
29	10,3102	
29	1,17874	
29	15,4362	
29	13,5145	
29	3,90244	
29	13,5145	
29	10,951	
29	2,78091	
29	17,1986	
29	14,1554	
29	2,94113	
29	15,2769	
29	10,7908	
29	3,42178	
29	18,6405	
29	13,9952	
29	2,46048	
29	16,2373	
29	8,38757	
29	1,49918	
29	18,8007	
29	12,5532	
29	3,90244	
29	15,7566	
29	9,82952	
29	2,30026	
29	20,8836	
29	12,393	
29	3,10135	
29	18,3201	
29	10,3102	
29	4,06265	
29	21,6846	
29	11,5919	
29	2,6207	
29	20,0825	
29	7,58743	
29	1,81961	
29	22,3255	
29	11,1113	
29	4,06265	
29	18,961	
29	8,38757	
29	3,10135	
29	25,0483	
29	10,7908	
29	3,26157	
29	13,0339	
29	8,86822	
29	4,70352	
29	25,3687	
29	9,6693	
29	3,42178	
29	13,1941	
29	5,34439	
29	2,6207	
29	16,077	
29	9,98974	
29	4,22287	
29	13,5145	
29	7,58743	
29	3,74222	
29	16,3975	
29	8,708	
29	4,22287	
29	14,3156	
29	7,58743	
29	5,34439	
29	16,5577	
29	7,58743	
29	4,38309	
29	13,9952	
29	3,90244	
29	3,74222	
29	17,6792	
29	8,54778	
29	5,02396	
29	13,835	
29	6,30569	
29	5,18417	
29	17,6792	
29	6,78635	
29	5,34439	
29	14,9565	
29	6,62613	
29	6,78635	
29	17,8394	
29	6,46591	
29	5,18417	
29	14,1554	
29	2,94113	
29	5,18417	
29	18,3201	
29	7,10678	
29	5,82504	
29	14,1554	
29	5,18417	
29	6,46591	
29	18,1599	
29	5,98526	
29	6,62613	
29	15,2769	
29	5,82504	
29	8,38757	
29	17,8394	
29	4,86374	
29	6,46591	
29	13,9952	
29	2,14005	
29	7,58743	
29	17,9996	
29	5,98526	
29	6,78635	
29	13,3543	
29	4,22287	
29	8,54778	
29	17,519	
29	4,70352	
29	8,38757	
29	14,3156	
29	5,50461	
29	9,82952	
29	17,1986	
29	3,90244	
29	8,708	
29	13,1941	
29	1,65939	
29	9,34887	
29	17,3588	
29	5,02396	
29	8,86822	
29	12,393	
29	3,42178	
29	11,4317	
29	17,0383	
29	3,582	
29	10,6306	
29	13,5145	
29	3,74222	
29	12,5532	
29	16,5577	
29	2,94113	
29	11,2715	
29	11,9123	
29	1,81961	
29	12,5532	
29	15,2769	
29	4,70352	
29	11,4317	
29	12,2328	
29	2,78091	
29	14,4758	
29	15,4362	
29	3,26157	
29	12,8736	
29	12,0726	
29	3,90244	
29	15,7566	
29	15,4362	
29	2,94113	
29	13,9952	
29	10,3102	
29	1,17874	
29	15,4362	
29	13,6747	
29	3,582	
29	13,1941	
29	11,2715	
29	2,78091	
29	17,6792	
29	13,9952	
29	2,94113	
29	15,1167	
29	10,7908	
29	3,74222	
29	18,8007	
29	13,1941	
29	2,46048	
29	16,5577	
29	8,54778	
29	1,49918	
29	19,1212	
29	12,2328	
29	4,06265	
29	15,7566	
29	9,34887	
29	2,46048	
29	20,8836	
29	12,2328	
29	2,94113	
29	18,4803	
29	10,15	
29	4,22287	
29	22,3255	
29	11,4317	
29	3,10135	
29	20,2427	
29	7,267	
29	1,49918	
29	23,1256	
29	10,4704	
29	4,06265	
29	19,4416	
29	8,22735	
29	3,10135	
29	25,3687	
29	9,98974	
29	3,42178	
29	13,0339	
29	8,54778	
29	5,18417	
29	25,8493	
29	8,86822	
29	3,42178	
29	13,5145	
29	5,34439	
29	2,46048	
29	16,2373	
29	9,6693	
29	4,38309	
29	13,3543	
29	6,94656	
29	3,74222	
29	16,5577	
29	9,02843	
29	4,38309	
29	14,4758	
29	7,10678	
29	5,98526	
29	17,1986	
29	7,90787	
29	3,90244	
29	14,636	
29	3,90244	
29	3,582	
29	17,8394	
29	7,90787	
29	4,86374	
29	14,1554	
29	6,14548	
29	5,34439	
29	17,9996	
29	6,62613	
29	5,02396	
29	14,636	
29	6,78635	
29	7,10678	
29	18,1599	
29	5,50461	
29	5,66483	
29	13,835	
29	2,78091	
29	5,98526	
29	18,3201	
29	6,78635	
29	5,66483	
