0	0.201225	
0	0.201225	
0	0.201225	
0	0.52166	
0	0.201225	
0	0.52166	
0	0.52166	
0	0.361443	
0	0.201225	
0	0.201225	
0	0.52166	
0	0.361443	
0	0.681877	
0	0.681877	
0	0.201225	
0	0.361443	
0	0.201225	
0	0.52166	
0	0.361443	
0	0.52166	
0	0.52166	
0	0.361443	
0	0.041008	
0	0.681877	
0	0.361443	
0	0.361443	
0	0.361443	
0	0.201225	
0	0.681877	
0	0.201225	
0	0.201225	
0	0.52166	
0	0.361443	
0	0.361443	
0	0.52166	
0	0.52166	
0	0.52166	
0	0.201225	
0	0.201225	
0	0.681877	
0	0.361443	
0	-0.119209	
0	0.52166	
0	0.681877	
0	0.361443	
0	0.52166	
0	0.361443	
0	0.52166	
0	0.52166	
0	0.52166	
0	0.681877	
0	0.361443	
0	0.52166	
0	0.842094	
0	0.52166	
0	0.52166	
0	0.361443	
0	0.361443	
0	0.681877	
0	0.201225	
0	0.52166	
0	0.041008	
0	0.52166	
0	0.52166	
0	0.681877	
0	0.52166	
0	0.361443	
0	0.52166	
0	0.361443	
0	0.52166	
0	0.681877	
0	0.361443	
0	0.361443	
0	0.842094	
0	0.361443	
0	0.201225	
0	0.361443	
0	0.361443	
0	0.361443	
0	0.361443	
0	0.681877	
0	0.681877	
0	0.361443	
0	0.52166	
0	0.201225	
0	0.681877	
0	0.361443	
0	0.361443	
0	0.361443	
0	0.361443	
0	0.52166	
0	0.361443	
0	0.52166	
0	0.361443	
0	0.681877	
0	0.361443	
0	0.201225	
0	-0.119209	
0	0.681877	
0	0.361443	
0	0.361443	
0	0.201225	
0	0.681877	
0	0.201225	
0	0.681877	
0	0.361443	
0	0.201225	
0	0.361443	
0	0.52166	
0	0.681877	
0	0.52166	
0	0.201225	
0	0.52166	
0	0.681877	
0	0.361443	
0	0.361443	
0	0.681877	
0	0.52166	
0	0.361443	
0	0.041008	
0	0.52166	
0	0.681877	
0	0.681877	
0	0.201225	
0	0.361443	
0	0.681877	
0	0.361443	
0	0.681877	
0	0.361443	
0	0.361443	
0	0.361443	
0	0.681877	
0	0.681877	
0	0.361443	
0	0.201225	
0	0.361443	
0	0.361443	
0	0.361443	
0	0.681877	
0	0.361443	
0	0.52166	
0	0.361443	
0	0.361443	
0	0.361443	
0	0.361443	
0	0.361443	
0	0.681877	
0	0.52166	
0	0.361443	
0	0.52166	
0	0.361443	
0	0.52166	
0	0.52166	
0	0.52166	
0	0.52166	
0	0.361443	
0	0.361443	
0	0.52166	
0	0.201225	
0	0.201225	
0	0.681877	
0	0.52166	
0	0.52166	
0	0.041008	
0	0.361443	
0	0.361443	
0	0.201225	
0	0.201225	
0	0.041008	
0	0.52166	
0	0.681877	
0	0.361443	
0	0.361443	
0	0.201225	
0	0.52166	
0	0.201225	
0	0.201225	
0	0.681877	
0	0.361443	
0	0.52166	
0	0.361443	
0	0.361443	
0	0.361443	
0	0.52166	
0	0.201225	
0	0.361443	
0	0.041008	
0	0.041008	
0	0.681877	
0	0.361443	
0	0.681877	
0	0.681877	
0	0.52166	
0	0.361443	
0	0.52166	
0	0.361443	
0	0.52166	
0	0.201225	
0	0.681877	
0	0.52166	
0	-0.119209	
0	0.681877	
0	0.681877	
0	0.361443	
0	0.361443	
0	0.52166	
0	0.201225	
0	0.201225	
0	0.361443	
0	0.361443	
0	0.842094	
0	0.361443	
0	0.52166	
0	0.52166	
0	0.361443	
0	0.201225	
0	0.361443	
0	0.52166	
0	0.361443	
0	0.361443	
0	0.361443	
0	0.681877	
0	0.361443	
0	0.361443	
0	0.361443	
0	0.361443	
0	0.201225	
0	0.201225	
0	0.361443	
0	0.52166	
0	0.361443	
0	0.361443	
0	0.52166	
0	0.52166	
0	0.201225	
0	0.361443	
0	0.52166	
0	0.361443	
0	0.201225	
0	0.361443	
0	0.201225	
0	0.681877	
0	0.361443	
0	0.52166	
0	0.681877	
0	0.041008	
0	0.842094	
0	0.361443	
0	0.52166	
0	0.681877	
0	0.52166	
1	0.361443	
1	0.361443	
1	0.361443	
1	0.201225	
1	0.52166	
1	0.201225	
1	0.201225	
1	0.52166	
1	0.201225	
1	0.681877	
1	0.361443	
1	0.361443	
1	0.361443	
1	0.842094	
1	0.52166	
1	0.201225	
1	0.201225	
1	0.361443	
1	0.52166	
1	0.52166	
1	0.52166	
1	0.361443	
1	0.52166	
1	0.681877	
1	0.52166	
1	0.201225	
1	0.201225	
1	0.361443	
1	0.52166	
1	0.361443	
1	0.52166	
1	0.361443	
1	0.361443	
1	0.361443	
1	0.201225	
1	-0.119209	
1	0.361443	
1	0.361443	
1	0.52166	
1	0.361443	
1	0.361443	
1	0.681877	
1	0.361443	
1	0.361443	
1	0.361443	
1	0.681877	
1	0.361443	
1	0.681877	
1	0.361443	
1	0.201225	
1	0.201225	
1	0.361443	
1	0.52166	
1	0.361443	
1	0.52166	
1	0.52166	
1	0.041008	
1	0.52166	
1	0.201225	
1	0.361443	
1	0.361443	
1	0.201225	
1	0.361443	
1	0.681877	
1	0.361443	
1	0.361443	
1	0.201225	
1	0.52166	
1	0.52166	
1	0.681877	
1	0.201225	
1	0.52166	
1	0.681877	
1	0.52166	
1	0.361443	
1	0.52166	
1	0.361443	
1	0.52166	
1	0.361443	
1	0.361443	
1	0.361443	
1	0.201225	
1	0.681877	
1	0.361443	
1	0.52166	
1	0.361443	
1	0.361443	
1	0.52166	
1	0.52166	
1	0.681877	
1	0.681877	
1	0.361443	
1	0.361443	
1	0.52166	
1	0.361443	
1	0.361443	
1	0.681877	
1	0.681877	
1	0.681877	
1	0.361443	
1	0.52166	
1	0.201225	
1	0.52166	
1	0.201225	
1	0.52166	
1	0.361443	
1	0.361443	
1	0.52166	
1	0.52166	
1	0.52166	
1	0.361443	
1	0.361443	
1	0.681877	
1	0.361443	
1	0.842094	
1	0.361443	
1	0.201225	
1	0.52166	
1	0.361443	
1	0.361443	
1	0.361443	
1	0.52166	
1	0.201225	
1	0.52166	
1	0.52166	
1	0.681877	
1	0.201225	
1	0.52166	
1	0.842094	
1	0.681877	
1	0.681877	
1	1.00231	
1	0.361443	
1	0.52166	
1	0.52166	
1	0.361443	
1	0.361443	
1	0.361443	
1	0.361443	
1	0.361443	
1	0.361443	
1	0.52166	
1	0.52166	
1	0.52166	
1	0.201225	
1	0.201225	
1	0.681877	
1	0.681877	
1	0.361443	
1	0.361443	
1	0.361443	
1	0.52166	
1	0.201225	
1	0.201225	
1	0.52166	
1	0.52166	
1	0.361443	
1	0.361443	
1	0.361443	
1	0.52166	
1	0.52166	
1	0.201225	
1	0.361443	
1	0.041008	
1	0.52166	
1	0.361443	
1	0.041008	
1	0.201225	
1	0.681877	
1	0.842094	
1	0.041008	
1	0.201225	
1	0.361443	
1	0.52166	
1	0.52166	
1	0.52166	
1	0.201225	
1	0.52166	
1	0.361443	
1	0.361443	
1	0.52166	
1	0.201225	
1	0.361443	
1	0.52166	
1	0.361443	
1	0.52166	
1	0.361443	
1	0.52166	
1	0.52166	
1	0.52166	
1	0.842094	
1	0.52166	
1	0.52166	
1	0.201225	
1	0.361443	
1	0.361443	
1	0.52166	
1	0.041008	
1	0.52166	
1	0.201225	
1	0.52166	
1	0.681877	
1	0.52166	
1	0.201225	
1	0.361443	
1	0.361443	
1	0.041008	
1	0.52166	
1	0.52166	
1	0.041008	
1	0.361443	
1	0.52166	
1	0.52166	
1	0.361443	
1	0.201225	
1	0.041008	
1	0.681877	
1	0.361443	
1	0.681877	
1	0.361443	
1	0.52166	
1	0.361443	
1	0.361443	
1	0.681877	
1	0.52166	
1	0.681877	
1	0.361443	
1	0.361443	
1	0.361443	
1	0.52166	
1	0.842094	
1	0.52166	
1	0.52166	
1	0.681877	
1	0.201225	
1	0.52166	
1	0.201225	
1	0.681877	
1	0.52166	
1	0.361443	
1	0.361443	
1	0.201225	
1	0.361443	
1	0.361443	
1	0.681877	
1	0.52166	
1	0.52166	
1	0.52166	
1	0.201225	
1	0.681877	
1	0.361443	
1	0.52166	
1	0.52166	
1	0.361443	
1	0.201225	
1	0.201225	
1	0.361443	
1	0.52166	
1	0.681877	
1	0.361443	
1	0.201225	
1	0.52166	
1	0.52166	
1	0.201225	
1	0.361443	
1	0.52166	
1	0.361443	
1	0.842094	
1	0.041008	
1	0.361443	
1	0.201225	
1	0.361443	
1	0.681877	
1	0.361443	
1	0.201225	
1	0.361443	
1	0.361443	
1	0.201225	
1	0.52166	
1	0.681877	
1	0.361443	
1	0.52166	
1	0.52166	
1	0.52166	
1	0.201225	
1	0.361443	
1	0.52166	
1	0.361443	
1	0.52166	
1	0.361443	
1	0.52166	
1	0.361443	
1	0.52166	
1	0.041008	
1	0.361443	
1	0.041008	
1	0.681877	
1	0.201225	
1	0.681877	
1	0.52166	
1	0.361443	
1	0.201225	
1	0.361443	
1	0.201225	
1	0.52166	
1	0.681877	
1	0.681877	
1	0.52166	
1	0.52166	
1	0.681877	
1	0.201225	
1	0.361443	
1	0.361443	
1	0.681877	
1	0.361443	
1	0.201225	
1	0.681877	
1	0.361443	
1	0.041008	
1	0.361443	
1	0.361443	
1	0.52166	
1	0.361443	
1	0.681877	
1	0.361443	
1	0.52166	
1	0.681877	
1	0.52166	
1	0.361443	
1	0.681877	
1	0.681877	
1	0.361443	
1	0.041008	
1	0.681877	
1	0.52166	
1	0.361443	
1	0.52166	
1	0.361443	
1	0.52166	
1	1.00231	
1	0.52166	
1	0.52166	
1	0.201225	
1	0.361443	
1	0.52166	
1	0.842094	
1	0.52166	
1	0.52166	
1	0.361443	
1	0.361443	
1	0.201225	
1	0.361443	
1	0.361443	
1	0.52166	
1	0.361443	
1	0.361443	
1	0.361443	
1	0.201225	
1	0.361443	
1	0.52166	
1	0.361443	
1	0.52166	
1	0.52166	
1	0.201225	
1	0.041008	
1	0.201225	
1	0.361443	
1	0.361443	
1	0.681877	
1	0.52166	
1	0.361443	
1	0.361443	
1	0.201225	
1	0.52166	
1	0.681877	
1	0.201225	
1	0.201225	
1	0.201225	
1	0.52166	
1	0.681877	
1	0.361443	
1	0.52166	
1	0.361443	
1	0.52166	
1	0.201225	
1	0.201225	
1	0.201225	
1	0.361443	
1	0.681877	
1	0.361443	
1	0.041008	
1	0.201225	
1	0.681877	
1	0.681877	
1	0.52166	
1	0.52166	
1	0.361443	
1	0.201225	
1	0.842094	
1	0.52166	
1	0.52166	
1	0.52166	
1	0.201225	
1	0.361443	
1	0.201225	
1	0.361443	
1	0.201225	
1	0.361443	
1	0.52166	
1	0.361443	
1	0.201225	
1	0.52166	
1	0.361443	
1	0.52166	
1	0.361443	
1	0.041008	
1	0.681877	
1	0.361443	
1	0.361443	
1	0.681877	
1	0.361443	
1	0.842094	
1	0.361443	
1	0.52166	
1	0.361443	
1	0.361443	
1	0.201225	
1	41.5459	
1	51.0006	
1	51.8017	
1	50.6802	
1	48.9178	
1	45.8727	
1	44.591	
1	38.661	
1	39.9437	
1	39.463	
1	37.6997	
1	35.9373	
1	32.5718	
1	28.7256	
1	27.4439	
1	27.2837	
1	26.6428	
1	24.8795	
1	21.9955	
1	21.5149	
1	20.5526	
1	19.2709	
1	19.1107	
1	17.9892	
1	17.6687	
1	17.0279	
1	17.5085	
1	17.1881	
1	16.8676	
1	15.5849	
1	16.2268	
1	16.387	
1	16.387	
1	16.387	
1	15.4247	
1	13.5021	
1	12.3806	
1	10.6173	
1	11.8999	
1	12.3806	
1	12.5408	
1	11.5786	
1	12.0602	
1	13.8226	
1	15.1043	
1	12.3806	
1	12.701	
1	12.0602	
1	10.7775	
1	8.53443	
1	6.45065	
1	7.09248	
1	7.41291	
1	7.25269	
1	7.89356	
1	5.80978	
1	6.77109	
1	7.25269	
1	8.37421	
1	9.49574	
1	11.0979	
1	9.33552	
1	9.97639	
1	9.97639	
1	9.1753	
1	9.1753	
1	8.69465	
1	8.53443	
1	7.41291	
1	8.85487	
1	9.97639	
1	10.6173	
2	10.9377	
2	12.3806	
2	12.0602	
2	15.2645	
2	12.5408	
2	12.8613	
2	11.5786	
2	9.33552	
2	9.49574	
2	8.69465	
2	8.69465	
2	8.05378	
2	8.214	
2	8.214	
2	8.05378	
2	8.85487	
2	9.97639	
2	10.2968	
2	10.2968	
2	11.4183	
2	10.9377	
2	9.33552	
2	8.69465	
2	7.25269	
2	6.9313	
2	6.77109	
2	6.29044	
2	6.45065	
2	6.9313	
2	7.41291	
2	8.214	
2	8.69465	
2	10.7775	
2	8.53443	
2	10.1366	
2	9.33552	
2	6.13022	
2	6.9313	
2	6.45065	
2	5.64957	
2	6.77109	
2	7.09248	
2	7.57313	
2	8.05378	
2	8.69465	
2	9.49574	
2	10.457	
2	8.05378	
2	9.97639	
2	10.9377	
2	10.7775	
2	9.97639	
2	9.65595	
2	8.85487	
2	4.36783	
2	7.25269	
2	8.05378	
2	8.69465	
2	9.01508	
2	9.33552	
2	11.0979	
2	12.2204	
2	10.2968	
2	10.7775	
2	9.65595	
2	8.69465	
2	5.97	
2	5.80978	
2	5.64957	
2	6.29044	
2	6.13022	
2	6.13022	
2	5.32913	
2	5.97	
2	6.9313	
2	7.25269	
2	9.49574	
2	8.37421	
2	9.49574	
2	9.33552	
2	8.69465	
2	8.85487	
2	7.41291	
2	8.214	
2	7.73335	
2	8.05378	
2	9.1753	
2	9.97639	
2	10.2968	
2	11.4183	
2	13.0215	
2	13.9828	
2	11.0979	
2	12.701	
2	11.5786	
2	9.97639	
2	9.49574	
2	8.214	
2	7.89356	
2	7.89356	
2	8.37421	
2	7.89356	
2	8.214	
2	8.37421	
2	9.33552	
2	9.97639	
2	9.01508	
2	11.0979	
2	10.457	
2	9.1753	
2	9.01508	
2	7.57313	
2	7.25269	
2	6.77109	
2	6.61087	
2	6.61087	
2	6.61087	
2	7.25269	
2	8.214	
2	9.1753	
2	9.97639	
2	7.09248	
2	9.65595	
2	9.81617	
2	6.45065	
2	5.97	
2	6.61087	
2	5.48935	
2	6.61087	
2	6.77109	
2	7.73335	
2	7.89356	
2	8.214	
2	9.49574	
2	10.2968	
2	11.5786	
2	9.97639	
2	11.0979	
2	10.6173	
2	10.1366	
2	9.97639	
2	8.37421	
2	6.61087	
2	6.61087	
2	7.73335	
2	8.69465	
2	8.69465	
2	8.85487	
2	10.457	
2	11.7397	
2	14.143	
2	10.9377	
2	10.6173	
2	8.85487	
2	7.09248	
2	4.84848	
2	5.48935	
2	5.97	
2	5.97	
2	6.29044	
2	5.0087	
2	5.97	
2	6.45065	
2	7.41291	
2	9.1753	
2	8.214	
2	9.33552	
2	9.01508	
2	8.85487	
2	8.37421	
2	8.05378	
2	8.214	
2	7.73335	
2	7.57313	
2	9.1753	
2	9.97639	
2	10.2968	
2	11.4183	
2	12.701	
2	13.5021	
2	12.0602	
2	12.8613	
2	11.5786	
2	9.97639	
2	8.69465	
2	8.53443	
2	7.73335	
2	7.89356	
2	7.89356	
2	8.05378	
2	8.05378	
2	8.37421	
2	9.1753	
2	10.2968	
2	12.701	
2	11.2581	
2	10.457	
2	9.81617	
2	9.01508	
2	8.05378	
2	7.25269	
2	6.9313	
2	6.29044	
2	6.45065	
2	7.09248	
2	7.25269	
2	8.214	
2	8.85487	
2	9.81617	
2	7.09248	
2	9.97639	
2	9.65595	
2	7.25269	
2	6.29044	
2	7.09248	
2	5.16891	
2	6.13022	
2	6.9313	
2	7.09248	
2	8.05378	
2	8.214	
2	8.69465	
2	10.1366	
2	11.2581	
2	10.6173	
2	10.9377	
2	11.2581	
2	10.1366	
2	9.81617	
2	8.69465	
2	7.89356	
2	6.77109	
2	8.05378	
2	8.37421	
2	8.85487	
2	8.85487	
2	10.1366	
2	11.7397	
2	13.8226	
2	10.9377	
2	11.4183	
2	8.85487	
2	7.25269	
2	4.84848	
2	5.97	
2	5.80978	
2	5.64957	
2	6.13022	
2	5.64957	
2	5.80978	
2	6.29044	
2	7.89356	
2	9.33552	
2	7.73335	
2	9.33552	
2	9.33552	
2	8.69465	
2	8.53443	
2	7.57313	
2	7.73335	
2	8.214	
2	7.73335	
2	9.1753	
2	10.1366	
2	10.2968	
2	11.0979	
2	12.5408	
2	13.1817	
2	12.0602	
2	12.8613	
2	12.3806	
2	10.2968	
2	9.33552	
2	8.85487	
2	8.05378	
2	7.41291	
2	8.05378	
2	8.05378	
2	8.214	
2	8.214	
2	9.33552	
2	10.2968	
2	11.8999	
2	10.7775	
2	10.6173	
2	9.65595	
2	9.33552	
2	7.57313	
2	7.41291	
2	6.9313	
2	7.09248	
2	6.13022	
2	6.77109	
2	7.41291	
2	8.05378	
2	9.1753	
2	9.33552	
2	10.457	
2	9.49574	
2	10.2968	
2	7.89356	
2	6.13022	
2	7.09248	
2	5.32913	
2	6.45065	
2	7.09248	
2	7.57313	
2	8.05378	
2	8.37421	
2	9.1753	
2	10.6173	
2	11.5786	
2	10.6173	
2	10.6173	
2	10.457	
2	10.457	
2	9.81617	
2	8.69465	
2	7.73335	
2	5.64957	
2	7.73335	
2	8.214	
2	8.69465	
2	8.05378	
2	9.97639	
2	11.4183	
2	13.0215	
2	10.2968	
2	11.0979	
2	8.85487	
2	7.41291	
2	4.36783	
2	5.97	
2	5.80978	
2	5.80978	
2	5.97	
2	5.64957	
2	6.13022	
2	6.13022	
2	7.73335	
2	9.1753	
2	7.25269	
2	9.1753	
2	9.81617	
2	9.1753	
2	8.69465	
2	8.69465	
2	7.89356	
2	8.214	
2	7.41291	
2	9.33552	
2	9.33552	
2	10.1366	
2	10.6173	
2	12.3806	
2	12.8613	
2	11.5786	
2	12.3806	
2	12.5408	
2	10.457	
2	9.49574	
2	9.01508	
2	8.05378	
2	7.73335	
2	7.73335	
2	7.73335	
2	7.73335	
2	8.214	
2	9.01508	
2	10.1366	
2	11.2581	
2	10.9377	
2	11.2581	
2	9.97639	
2	9.1753	
2	8.05378	
2	7.73335	
2	6.77109	
2	6.77109	
2	6.61087	
2	7.09248	
2	7.09248	
2	7.41291	
2	8.53443	
2	9.65595	
2	11.4183	
2	9.1753	
2	10.1366	
2	8.214	
2	6.61087	
2	7.25269	
2	5.64957	
2	5.97	
2	6.45065	
2	6.77109	
2	7.57313	
2	8.37421	
2	9.01508	
2	9.81617	
2	11.7397	
2	10.1366	
2	10.7775	
2	10.7775	
2	10.457	
2	9.97639	
2	8.85487	
2	8.53443	
2	5.32913	
2	7.41291	
2	8.214	
2	8.85487	
2	8.53443	
2	10.1366	
2	11.5786	
2	12.8613	
2	10.457	
2	11.0979	
2	9.1753	
2	7.89356	
2	4.04739	
2	5.80978	
2	5.64957	
2	5.48935	
2	6.13022	
2	5.32913	
2	5.97	
2	6.29044	
2	7.57313	
2	8.53443	
2	10.457	
2	9.33552	
2	9.65595	
2	9.1753	
2	8.37421	
2	8.85487	
2	7.89356	
2	8.214	
2	7.57313	
2	8.85487	
2	9.97639	
2	10.1366	
2	11.0979	
2	12.2204	
2	12.3806	
2	11.0979	
2	12.3806	
2	12.5408	
2	11.2581	
2	9.33552	
2	8.69465	
2	8.37421	
2	7.57313	
2	8.05378	
2	8.214	
2	7.89356	
2	8.37421	
2	8.69465	
2	9.97639	
2	10.7775	
2	10.6173	
2	10.9377	
2	10.1366	
2	9.33552	
2	8.69465	
2	7.73335	
2	7.09248	
2	6.9313	
2	6.29044	
2	6.77109	
2	7.25269	
2	8.05378	
2	8.53443	
2	9.65595	
2	11.4183	
2	9.33552	
2	10.1366	
2	8.69465	
2	6.61087	
2	7.09248	
2	7.09248	
2	6.13022	
2	6.61087	
2	6.77109	
2	7.41291	
2	8.05378	
2	9.1753	
2	9.49574	
2	11.0979	
2	9.97639	
2	10.6173	
2	10.9377	
2	10.6173	
2	9.97639	
2	8.85487	
2	8.05378	
2	4.84848	
2	7.25269	
2	8.85487	
2	8.85487	
2	8.85487	
2	9.97639	
3	10.9377	
3	12.701	
3	10.7775	
3	10.7775	
3	9.65595	
3	8.53443	
3	2.60544	
3	5.80978	
3	5.80978	
3	6.29044	
3	6.29044	
3	5.64957	
3	5.97	
3	6.45065	
3	6.61087	
3	8.37421	
3	10.1366	
3	9.1753	
3	9.33552	
3	9.33552	
3	8.85487	
3	8.69465	
3	7.57313	
3	8.05378	
3	7.41291	
3	8.37421	
3	9.81617	
3	10.2968	
3	10.7775	
3	11.8999	
3	11.7397	
3	15.1043	
3	11.8999	
3	12.2204	
3	11.2581	
3	9.33552	
3	9.01508	
3	8.85487	
3	7.73335	
3	7.73335	
3	8.05378	
3	7.73335	
3	7.89356	
3	8.85487	
3	9.97639	
3	10.6173	
3	10.7775	
3	10.9377	
3	10.457	
3	9.65595	
3	8.69465	
3	7.89356	
3	7.25269	
3	7.09248	
3	6.61087	
3	6.77109	
3	6.9313	
3	8.05378	
3	8.69465	
3	9.01508	
3	11.4183	
3	8.69465	
3	10.1366	
3	8.69465	
3	6.61087	
3	7.09248	
3	7.09248	
3	5.80978	
3	6.61087	
3	7.41291	
3	7.57313	
3	8.53443	
3	8.37421	
3	9.65595	
3	10.7775	
3	9.33552	
3	10.6173	
3	10.6173	
3	9.97639	
3	10.7775	
3	9.49574	
3	8.37421	
3	3.72696	
3	7.09248	
3	8.37421	
3	9.1753	
3	8.53443	
3	9.1753	
3	11.0979	
3	12.8613	
3	10.6173	
3	10.9377	
3	10.1366	
3	8.69465	
3	5.64957	
3	5.97	
3	5.80978	
3	5.80978	
3	5.97	
3	5.48935	
3	6.13022	
3	5.97	
3	7.25269	
3	8.214	
3	10.1366	
3	9.01508	
3	9.49574	
3	9.1753	
3	9.01508	
3	9.01508	
3	7.25269	
3	8.214	
3	7.89356	
3	8.37421	
3	9.1753	
3	9.97639	
3	10.457	
3	11.7397	
3	11.8999	
3	14.143	
3	11.7397	
3	12.5408	
3	11.2581	
3	9.65595	
3	9.1753	
3	8.53443	
3	7.89356	
3	8.05378	
3	7.73335	
3	8.05378	
3	8.05378	
3	8.69465	
3	9.81617	
3	10.457	
3	10.2968	
3	11.2581	
3	10.457	
3	9.81617	
3	8.69465	
3	7.73335	
3	7.41291	
3	6.9313	
3	6.45065	
3	6.9313	
3	6.45065	
3	7.41291	
3	8.37421	
3	9.65595	
3	11.0979	
3	8.53443	
3	10.2968	
3	9.49574	
3	6.29044	
3	6.77109	
3	6.77109	
3	5.48935	
3	6.13022	
3	6.9313	
3	7.57313	
3	8.05378	
3	8.53443	
3	9.81617	
3	10.457	
3	12.3806	
3	10.6173	
3	10.9377	
3	10.2968	
3	10.2968	
3	9.65595	
3	8.53443	
3	4.52805	
3	6.9313	
3	8.05378	
3	9.01508	
3	9.01508	
3	9.01508	
3	10.7775	
3	12.0602	
3	10.457	
3	10.9377	
3	9.81617	
3	8.85487	
3	5.97	
3	5.32913	
3	5.80978	
3	5.97	
3	5.48935	
3	6.13022	
3	5.32913	
3	6.29044	
3	6.9313	
3	7.57313	
3	9.81617	
3	8.69465	
3	9.49574	
3	9.49574	
3	8.53443	
3	8.69465	
3	7.25269	
3	8.37421	
3	7.73335	
3	8.05378	
3	9.33552	
3	10.2968	
3	10.457	
3	11.8999	
3	12.5408	
3	13.9828	
3	11.0979	
3	12.5408	
3	11.8999	
3	10.2968	
3	8.85487	
3	8.53443	
3	8.214	
3	8.05378	
3	7.73335	
3	8.214	
3	7.73335	
3	8.53443	
3	9.33552	
3	10.2968	
3	9.1753	
3	11.2581	
3	10.7775	
3	9.49574	
3	9.1753	
3	7.73335	
3	7.57313	
3	7.25269	
3	6.77109	
3	6.77109	
3	7.25269	
3	7.57313	
3	8.214	
3	9.65595	
3	9.81617	
3	6.77109	
3	9.33552	
3	9.97639	
3	7.25269	
3	6.77109	
3	6.9313	
3	5.48935	
3	6.45065	
3	7.09248	
3	7.73335	
3	8.214	
3	8.53443	
3	9.49574	
3	10.6173	
3	11.2581	
3	10.7775	
3	11.2581	
3	10.457	
3	10.2968	
3	9.97639	
3	8.69465	
3	7.57313	
3	6.45065	
3	8.05378	
3	8.69465	
3	8.53443	
3	8.69465	
3	10.2968	
3	11.7397	
3	13.8226	
3	10.7775	
3	11.2581	
3	9.1753	
3	7.25269	
3	4.68826	
3	5.80978	
3	6.13022	
3	6.13022	
3	6.29044	
3	5.80978	
3	5.97	
3	6.45065	
3	8.37421	
3	9.1753	
3	8.37421	
3	9.49574	
3	9.33552	
3	8.85487	
3	8.85487	
3	7.89356	
3	7.89356	
3	8.05378	
3	7.73335	
3	9.01508	
3	10.457	
3	9.81617	
3	11.0979	
3	12.5408	
3	13.0215	
3	12.2204	
3	12.5408	
3	11.8999	
3	10.1366	
3	9.1753	
3	8.85487	
3	8.214	
3	7.89356	
3	8.05378	
3	8.05378	
3	8.05378	
3	8.214	
3	9.33552	
3	10.2968	
3	11.4183	
3	11.0979	
3	11.0979	
3	9.65595	
3	9.33552	
3	7.89356	
3	7.73335	
3	7.09248	
3	6.77109	
3	6.9313	
3	6.61087	
3	7.57313	
3	7.73335	
3	9.1753	
3	9.81617	
3	10.6173	
3	9.97639	
3	9.97639	
3	7.89356	
3	6.9313	
3	6.9313	
3	5.48935	
3	6.45065	
3	7.25269	
3	6.9313	
3	7.73335	
3	8.214	
3	9.33552	
3	10.1366	
3	11.4183	
3	10.7775	
3	11.2581	
3	10.6173	
3	10.2968	
3	9.97639	
3	8.69465	
3	7.89356	
3	5.64957	
3	7.25269	
3	8.85487	
3	9.1753	
3	8.85487	
3	9.97639	
3	11.7397	
3	13.0215	
3	10.6173	
3	11.2581	
3	9.49574	
3	7.89356	
3	4.68826	
3	5.97	
3	6.13022	
3	5.97	
3	5.97	
3	5.32913	
3	6.29044	
3	5.97	
3	7.73335	
3	8.85487	
3	10.9377	
3	9.65595	
3	9.49574	
3	9.01508	
3	9.01508	
3	8.85487	
3	7.73335	
3	7.89356	
3	7.73335	
3	9.1753	
3	9.81617	
3	10.457	
3	10.9377	
3	12.3806	
3	12.701	
3	11.2581	
3	12.3806	
3	12.3806	
3	11.0979	
3	9.49574	
3	9.1753	
3	8.37421	
3	7.73335	
3	7.89356	
3	8.214	
3	7.89356	
3	8.05378	
3	9.1753	
3	9.97639	
3	10.6173	
3	10.9377	
3	10.7775	
3	10.2968	
3	9.33552	
3	8.37421	
3	7.89356	
3	7.25269	
3	7.09248	
3	6.45065	
3	6.61087	
3	7.57313	
3	7.73335	
3	9.01508	
3	9.81617	
3	11.2581	
3	9.1753	
3	9.97639	
3	8.53443	
3	6.29044	
3	7.25269	
3	7.09248	
3	6.29044	
3	6.61087	
3	7.25269	
3	7.57313	
3	8.214	
3	9.1753	
3	9.97639	
3	11.4183	
3	9.81617	
3	11.0979	
3	10.6173	
3	10.457	
3	10.2968	
3	9.01508	
3	8.53443	
3	4.52805	
3	7.73335	
3	8.05378	
3	8.85487	
3	8.214	
3	9.97639	
3	11.5786	
3	12.701	
3	10.7775	
3	11.0979	
3	9.81617	
3	8.53443	
3	3.88718	
3	5.80978	
3	5.48935	
3	6.13022	
3	5.97	
3	5.32913	
3	6.13022	
3	6.29044	
3	7.41291	
3	8.214	
3	10.7775	
3	9.33552	
3	9.33552	
3	9.65595	
3	8.69465	
3	8.53443	
3	7.41291	
3	8.214	
3	7.57313	
3	9.01508	
3	9.49574	
3	10.2968	
3	10.9377	
3	12.0602	
3	11.8999	
3	9.81617	
3	12.2204	
3	12.701	
3	11.2581	
3	9.49574	
3	8.37421	
3	8.214	
3	8.05378	
3	7.89356	
3	8.214	
3	7.89356	
3	7.89356	
3	9.01508	
3	9.97639	
3	10.457	
3	10.457	
3	11.0979	
3	10.6173	
3	9.81617	
3	8.69465	
3	7.89356	
3	6.9313	
3	6.9313	
3	6.29044	
3	6.77109	
3	7.25269	
3	7.57313	
4	8.69465	
4	9.01508	
4	11.2581	
4	9.01508	
4	10.457	
4	8.69465	
4	6.29044	
4	7.25269	
4	7.09248	
4	6.13022	
4	7.09248	
4	6.9313	
4	7.89356	
4	8.214	
4	8.85487	
4	9.49574	
4	10.9377	
4	9.49574	
4	10.457	
4	10.9377	
4	11.0979	
4	10.1366	
4	9.49574	
4	8.69465	
4	3.88718	
4	7.25269	
4	8.37421	
4	9.1753	
4	8.85487	
4	9.49574	
4	11.2581	
4	12.701	
4	10.9377	
4	11.0979	
4	9.81617	
4	9.33552	
4	5.80978	
4	5.48935	
4	5.80978	
4	6.13022	
4	6.13022	
4	5.64957	
4	5.80978	
4	6.29044	
4	7.09248	
4	8.53443	
4	10.1366	
4	9.1753	
4	9.49574	
4	9.49574	
4	8.69465	
4	9.1753	
4	7.25269	
4	7.89356	
4	7.41291	
4	8.69465	
4	9.33552	
4	10.1366	
4	10.457	
4	11.8999	
4	12.2204	
4	14.3032	
4	11.2581	
4	12.3806	
4	11.7397	
4	9.81617	
4	9.1753	
4	8.37421	
4	8.53443	
4	8.214	
4	7.73335	
4	7.89356	
4	8.214	
4	8.37421	
4	9.49574	
4	10.1366	
4	9.81617	
4	11.0979	
4	10.7775	
4	9.49574	
4	9.1753	
4	7.41291	
4	7.25269	
4	6.77109	
4	6.61087	
4	7.09248	
4	7.25269	
4	7.41291	
4	8.05378	
4	9.81617	
4	10.457	
4	8.37421	
4	10.2968	
4	9.49574	
4	6.61087	
4	6.77109	
4	7.09248	
4	5.48935	
4	6.77109	
4	6.61087	
4	7.41291	
4	7.89356	
4	8.85487	
4	9.65595	
4	10.7775	
4	12.5408	
4	10.457	
4	10.7775	
4	11.0979	
4	10.1366	
4	10.1366	
4	8.05378	
4	5.16891	
4	6.77109	
4	8.53443	
4	8.85487	
4	9.01508	
4	9.1753	
4	10.9377	
4	12.2204	
4	13.9828	
4	11.5786	
4	10.457	
4	9.1753	
4	6.77109	
4	5.16891	
4	5.80978	
4	6.29044	
4	6.13022	
4	5.64957	
4	5.80978	
4	6.29044	
4	6.77109	
4	7.89356	
4	9.65595	
4	8.85487	
4	9.49574	
4	9.1753	
4	8.53443	
4	9.01508	
4	7.57313	
4	7.89356	
4	8.37421	
4	8.37421	
4	9.1753	
4	10.457	
4	10.2968	
4	11.2581	
4	12.701	
4	13.8226	
4	11.8999	
4	12.701	
4	11.7397	
4	10.2968	
4	9.65595	
4	8.69465	
4	8.37421	
4	7.89356	
4	7.89356	
4	7.73335	
4	8.05378	
4	8.53443	
4	9.1753	
4	10.2968	
4	12.0602	
4	11.0979	
4	10.6173	
4	9.81617	
4	9.33552	
4	8.05378	
4	7.73335	
4	7.41291	
4	7.25269	
4	6.9313	
4	6.77109	
4	7.09248	
4	8.37421	
4	9.49574	
4	9.65595	
4	10.6173	
4	9.97639	
4	51.0006	
4	57.7316	
4	56.1285	
4	53.7252	
4	48.5973	
4	45.8727	
4	43.7899	
4	43.4685	
4	42.9878	
4	42.8276	
4	36.0975	
4	37.0588	
4	34.0137	
4	28.8858	
4	25.0397	
4	25.8417	
4	25.8417	
4	29.6869	
4	25.5213	
4	27.2837	
4	21.9955	
4	17.3483	
4	16.387	
4	15.9054	
4	17.6687	
4	21.1945	
4	19.7515	
4	19.1107	
4	14.7839	
4	11.8999	
4	11.7397	
4	14.3032	
4	19.4311	
4	17.8289	
4	18.9505	
4	14.7839	
4	11.5786	
4	11.0979	
4	12.2204	
4	16.8676	
4	16.387	
4	17.5085	
4	12.2204	
4	7.57313	
4	6.61087	
4	8.37421	
4	13.3419	
4	11.8999	
4	14.4634	
4	8.69465	
4	6.29044	
4	7.09248	
4	9.49574	
4	14.4634	
4	14.7839	
4	14.4634	
4	10.2968	
4	4.04739	
4	6.61087	
4	9.1753	
4	14.4634	
4	14.7839	
4	12.3806	
4	6.61087	
4	5.0087	
4	5.16891	
4	7.89356	
4	13.8226	
4	13.8226	
4	10.9377	
4	5.97	
4	4.20761	
4	6.61087	
4	10.6173	
4	16.7074	
4	15.1043	
4	10.7775	
4	7.41291	
4	6.9313	
4	8.05378	
4	11.8999	
4	13.3419	
4	14.9441	
4	9.81617	
4	5.16891	
4	4.20761	
4	6.45065	
4	11.0979	
4	10.9377	
4	12.3806	
4	6.77109	
4	4.68826	
4	5.32913	
4	8.53443	
4	13.5021	
4	14.4634	
4	12.8613	
4	8.214	
4	3.40652	
4	5.80978	
4	9.1753	
4	14.9441	
4	14.3032	
4	10.1366	
4	5.16891	
4	4.68826	
4	5.16891	
4	9.1753	
4	15.1043	
4	13.5021	
4	9.49574	
4	4.84848	
4	4.20761	
4	7.25269	
4	12.2204	
4	12.701	
4	14.3032	
4	10.1366	
4	6.77109	
4	6.9313	
4	8.53443	
4	13.5021	
4	14.9441	
4	13.3419	
4	7.89356	
4	4.20761	
4	4.52805	
4	7.41291	
4	12.5408	
4	12.5408	
4	10.2968	
4	5.80978	
4	4.52805	
4	5.97	
4	9.97639	
4	15.5849	
4	14.3032	
4	11.5786	
4	6.77109	
4	4.36783	
4	6.45065	
4	10.457	
4	17.9892	
4	13.5021	
4	7.09248	
4	4.68826	
4	4.68826	
4	6.29044	
4	10.6173	
4	11.2581	
4	12.2204	
4	7.89356	
4	4.52805	
4	5.16891	
4	8.37421	
4	13.8226	
4	13.8226	
4	13.3419	
4	8.53443	
4	6.77109	
4	7.25269	
4	9.65595	
4	14.143	
4	15.5849	
4	11.7397	
4	6.45065	
4	4.36783	
4	5.16891	
4	8.53443	
4	15.1043	
4	13.1817	
4	7.57313	
4	4.36783	
4	4.68826	
4	7.09248	
4	11.5786	
4	11.5786	
4	13.8226	
4	10.1366	
4	5.32913	
4	4.20761	
4	7.41291	
4	12.0602	
4	13.8226	
4	12.5408	
4	6.13022	
4	4.68826	
4	4.36783	
4	6.9313	
4	12.3806	
4	13.0215	
4	11.4183	
4	6.45065	
4	4.52805	
4	5.48935	
4	9.49574	
4	15.4247	
4	14.7839	
4	11.2581	
4	8.214	
4	6.61087	
4	7.73335	
4	11.5786	
4	17.3483	
4	15.1043	
4	10.457	
4	5.32913	
4	4.20761	
4	5.80978	
4	10.6173	
4	9.81617	
4	12.2204	
4	6.61087	
4	4.36783	
4	5.32913	
4	8.214	
4	12.8613	
4	13.8226	
4	12.8613	
4	8.53443	
4	2.92587	
4	4.84848	
4	8.37421	
4	14.7839	
4	14.143	
4	10.9377	
4	5.32913	
4	4.04739	
4	4.84848	
4	8.53443	
4	14.7839	
4	13.3419	
4	9.81617	
4	5.0087	
4	4.20761	
4	6.77109	
4	10.9377	
4	11.0979	
4	14.7839	
4	10.6173	
4	7.09248	
4	6.45065	
4	8.53443	
4	12.701	
4	14.6236	
4	13.9828	
4	8.37421	
4	4.68826	
4	4.20761	
4	6.61087	
4	12.0602	
4	12.2204	
4	10.7775	
4	5.64957	
4	4.20761	
4	5.97	
4	9.49574	
4	14.9441	
4	14.3032	
4	12.2204	
4	6.77109	
4	3.88718	
4	6.13022	
4	9.97639	
4	16.8676	
4	14.3032	
4	8.53443	
4	4.52805	
4	4.52805	
4	5.97	
4	9.97639	
4	16.8676	
4	12.2204	
4	8.37421	
4	4.68826	
4	4.68826	
4	7.57313	
4	13.1817	
4	13.5021	
4	13.5021	
4	9.01508	
4	6.77109	
4	6.77109	
4	9.49574	
4	13.8226	
4	15.4247	
4	12.5408	
4	6.77109	
4	3.88718	
4	4.84848	
4	8.214	
4	13.6623	
4	12.8613	
4	8.214	
4	5.16891	
4	4.52805	
4	6.61087	
4	10.7775	
4	16.5472	
4	14.6236	
4	10.6173	
4	6.45065	
4	4.20761	
4	6.9313	
4	11.5786	
4	13.1817	
4	13.0215	
4	5.97	
4	4.36783	
4	4.84848	
4	7.09248	
4	11.7397	
4	12.701	
4	12.0602	
4	7.09248	
4	4.52805	
4	5.48935	
4	9.01508	
4	13.9828	
4	14.6236	
5	12.0602	
5	8.53443	
5	6.13022	
5	7.25269	
5	10.7775	
5	15.4247	
5	15.1043	
5	10.9377	
5	5.64957	
5	4.36783	
5	5.32913	
5	9.49574	
5	15.2645	
5	12.8613	
5	6.45065	
5	4.36783	
5	4.84848	
5	7.73335	
5	12.5408	
5	13.8226	
5	13.6623	
5	9.1753	
5	2.60544	
5	4.84848	
5	7.89356	
5	13.8226	
5	14.3032	
5	11.5786	
5	5.48935	
5	4.52805	
5	4.68826	
5	7.89356	
5	12.8613	
5	13.5021	
5	10.1366	
5	5.48935	
5	4.04739	
5	6.45065	
5	10.6173	
5	17.1881	
5	14.4634	
5	10.9377	
5	7.41291	
5	6.29044	
5	8.05378	
5	12.2204	
5	13.5021	
5	14.6236	
5	9.49574	
5	4.68826	
5	4.04739	
5	6.61087	
5	11.4183	
5	11.8999	
5	11.2581	
5	6.13022	
5	4.20761	
5	5.48935	
5	8.85487	
5	14.143	
5	14.143	
5	12.5408	
5	7.25269	
5	3.56674	
5	5.97	
5	9.1753	
5	15.5849	
5	14.4634	
5	9.65595	
5	5.0087	
5	4.52805	
5	5.48935	
5	9.1753	
5	15.9054	
5	13.0215	
5	9.01508	
5	4.68826	
5	4.36783	
5	7.41291	
5	12.701	
5	13.1817	
5	13.9828	
5	9.49574	
5	6.61087	
5	6.29044	
5	8.85487	
5	13.6623	
5	15.1043	
5	13.1817	
5	7.73335	
5	4.20761	
5	4.36783	
5	7.73335	
5	13.0215	
5	12.5408	
5	9.33552	
5	5.80978	
5	4.52805	
5	6.29044	
5	10.1366	
5	15.4247	
5	14.4634	
5	11.2581	
5	6.45065	
5	3.88718	
5	6.61087	
5	11.5786	
5	12.5408	
5	13.1817	
5	6.45065	
5	4.84848	
5	4.84848	
5	6.61087	
5	11.0979	
5	11.8999	
5	12.5408	
5	7.73335	
5	4.68826	
5	5.16891	
5	8.69465	
5	13.8226	
5	14.3032	
5	12.701	
5	8.53443	
5	6.77109	
5	6.9313	
5	9.97639	
5	14.4634	
5	15.5849	
5	12.2204	
5	6.45065	
5	3.88718	
5	5.64957	
5	9.33552	
5	15.1043	
5	13.0215	
5	6.61087	
5	4.36783	
5	4.68826	
5	7.41291	
5	11.7397	
5	12.3806	
5	13.6623	
5	10.2968	
5	4.36783	
5	4.84848	
5	7.25269	
5	12.8613	
5	14.143	
5	12.2204	
5	5.64957	
5	4.36783	
5	4.36783	
5	7.41291	
5	12.3806	
5	13.3419	
5	11.0979	
5	6.45065	
5	4.36783	
5	5.97	
5	9.97639	
5	15.9054	
5	14.6236	
5	11.0979	
5	7.89356	
5	6.61087	
5	8.05378	
5	11.7397	
5	12.701	
5	14.9441	
5	10.1366	
5	5.16891	
5	4.04739	
5	5.97	
5	10.7775	
5	10.6173	
5	12.0602	
5	6.29044	
5	4.20761	
5	5.16891	
5	8.37421	
5	13.6623	
5	14.3032	
5	12.8613	
5	8.214	
5	3.08609	
5	5.16891	
5	8.214	
5	14.9441	
5	14.4634	
5	10.2968	
5	5.16891	
5	4.04739	
5	5.32913	
5	8.53443	
5	15.2645	
5	13.3419	
5	9.65595	
5	5.0087	
5	4.52805	
5	7.09248	
5	11.7397	
5	12.2204	
5	14.6236	
5	10.2968	
5	7.09248	
5	6.45065	
5	8.53443	
5	12.701	
5	14.7839	
5	13.9828	
5	8.37421	
5	4.68826	
5	4.20761	
5	6.77109	
5	12.0602	
5	12.3806	
5	10.2968	
5	5.48935	
5	4.20761	
5	5.80978	
5	9.49574	
5	15.1043	
5	13.9828	
5	11.8999	
5	6.77109	
5	3.72696	
5	6.29044	
5	9.97639	
5	17.5085	
5	13.6623	
5	7.89356	
5	4.84848	
5	4.68826	
5	6.13022	
5	10.457	
5	10.6173	
5	13.1817	
5	8.37421	
5	4.84848	
5	4.84848	
5	8.05378	
5	13.5021	
5	13.3419	
5	13.5021	
5	9.01508	
5	6.77109	
5	6.9313	
5	9.65595	
5	14.143	
5	15.4247	
5	12.3806	
5	6.61087	
5	4.36783	
5	5.0087	
5	8.214	
5	13.9828	
5	13.0215	
5	7.89356	
5	5.64957	
5	4.36783	
5	6.45065	
5	10.9377	
5	16.7074	
5	14.143	
5	10.6173	
5	5.48935	
5	4.52805	
5	7.09248	
5	12.3806	
5	13.5021	
5	13.0215	
5	5.97	
5	4.68826	
5	4.52805	
5	6.9313	
5	11.8999	
5	13.0215	
5	11.8999	
5	7.57313	
5	4.36783	
5	5.48935	
5	9.01508	
5	14.6236	
5	14.7839	
5	12.2204	
5	8.214	
5	6.29044	
5	6.9313	
5	10.9377	
5	15.1043	
5	15.4247	
5	10.9377	
5	5.48935	
5	3.88718	
5	5.48935	
5	9.65595	
5	15.9054	
5	12.701	
5	7.09248	
5	4.36783	
5	5.32913	
5	7.89356	
5	12.5408	
5	13.3419	
5	13.6623	
5	9.49574	
5	2.76566	
5	5.0087	
5	7.73335	
5	54.5263	
5	57.25	
5	59.6542	
5	50.8404	
5	47.3146	
5	46.6738	
5	48.9178	
5	40.5846	
5	41.7061	
5	34.976	
5	31.9309	
5	36.418	
5	29.8471	
5	36.418	
5	29.8471	
5	26.3224	
5	29.2063	
5	38.0201	
5	30.8094	
5	21.9955	
5	16.7074	
5	20.7129	
5	18.7902	
5	21.6751	
5	14.9441	
5	14.9441	
5	21.5149	
5	22.9568	
5	19.5913	
5	9.97639	
5	12.5408	
5	22.4762	
5	21.0342	
5	11.8999	
5	9.49574	
5	13.6623	
5	17.8289	
5	15.9054	
5	8.05378	
5	9.01508	
5	17.5085	
5	19.1107	
5	12.2204	
5	9.01508	
5	13.8226	
5	18.9505	
5	16.2268	
5	6.45065	
5	6.13022	
5	15.7452	
5	15.7452	
5	8.214	
5	5.80978	
5	11.2581	
5	17.0279	
5	14.143	
5	3.88718	
5	6.77109	
5	17.3483	
5	15.7452	
5	6.61087	
5	4.84848	
5	11.2581	
5	16.0656	
5	10.7775	
5	3.56674	
5	6.77109	
5	19.1107	
5	14.7839	
5	7.89356	
5	7.09248	
5	14.4634	
5	18.63	
5	9.97639	
5	3.08609	
5	6.61087	
5	11.4183	
5	10.7775	
5	4.20761	
5	6.13022	
5	14.9441	
5	16.7074	
5	8.53443	
5	3.56674	
5	9.33552	
5	15.7452	
5	9.49574	
5	4.04739	
5	5.97	
5	16.387	
5	14.6236	
5	5.64957	
5	3.56674	
5	11.5786	
5	16.2268	
5	10.6173	
5	5.97	
5	9.01508	
5	14.7839	
5	14.7839	
5	5.0087	
5	3.56674	
5	12.5408	
5	14.3032	
5	6.45065	
5	3.88718	
5	9.49574	
5	15.5849	
5	12.8613	
5	3.08609	
5	5.48935	
5	16.2268	
5	14.9441	
5	5.64957	
5	3.72696	
5	10.6173	
5	15.4247	
5	9.65595	
5	2.60544	
5	6.77109	
5	12.2204	
5	14.3032	
5	6.9313	
5	6.45065	
5	14.7839	
5	18.3096	
5	8.85487	
5	2.92587	
5	6.77109	
5	12.8613	
5	9.81617	
5	4.04739	
5	6.29044	
5	16.0656	
5	16.2268	
5	7.25269	
5	3.40652	
5	9.97639	
5	15.7452	
5	8.53443	
5	3.88718	
5	6.45065	
5	17.8289	
5	13.8226	
5	4.68826	
5	3.88718	
5	12.8613	
5	16.2268	
5	9.97639	
5	6.13022	
5	10.2968	
5	16.2268	
5	14.143	
5	4.36783	
5	4.04739	
5	13.3419	
5	14.6236	
5	5.64957	
5	3.72696	
5	10.457	
5	16.2268	
5	12.2204	
5	2.60544	
5	5.97	
5	17.3483	
5	14.143	
5	4.68826	
5	3.72696	
5	11.4183	
5	15.9054	
5	9.01508	
5	2.76566	
5	7.41291	
5	13.9828	
5	13.3419	
5	6.61087	
5	7.09248	
5	15.1043	
5	17.5085	
5	8.214	
5	2.44522	
5	8.05378	
5	13.5021	
5	8.69465	
5	4.04739	
5	6.45065	
5	17.5085	
5	15.9054	
5	6.77109	
6	3.72696	
6	11.0979	
6	16.0656	
6	7.73335	
6	3.72696	
6	6.77109	
6	19.1107	
6	13.3419	
6	4.52805	
6	4.20761	
6	13.9828	
6	16.2268	
6	9.49574	
6	5.64957	
6	10.9377	
6	17.5085	
6	13.1817	
6	4.04739	
6	4.68826	
6	14.4634	
6	13.9828	
6	5.0087	
6	4.20761	
6	11.7397	
6	17.0279	
6	10.9377	
6	2.60544	
6	6.61087	
6	12.3806	
6	13.0215	
6	4.68826	
6	4.04739	
6	12.3806	
6	15.7452	
6	7.89356	
6	2.76566	
6	8.214	
6	14.4634	
6	12.3806	
6	6.13022	
6	7.09248	
6	16.7074	
6	17.3483	
6	7.25269	
6	2.92587	
6	8.69465	
6	13.9828	
6	8.05378	
6	3.56674	
6	7.25269	
6	18.9505	
6	15.2645	
6	6.13022	
6	4.04739	
6	12.3806	
6	16.0656	
6	7.25269	
6	3.40652	
6	7.89356	
6	12.8613	
6	12.3806	
6	3.88718	
6	4.84848	
6	14.6236	
6	15.7452	
6	8.05378	
6	5.64957	
6	11.8999	
6	17.6687	
6	12.5408	
6	3.56674	
6	5.0087	
6	16.0656	
6	13.1817	
6	4.84848	
6	4.68826	
6	12.701	
6	16.7074	
6	10.1366	
6	2.92587	
6	7.57313	
6	13.9828	
6	11.4183	
6	4.04739	
6	4.52805	
6	13.9828	
6	15.5849	
6	6.77109	
6	3.24631	
6	9.33552	
6	15.4247	
6	12.0602	
6	6.13022	
6	7.89356	
6	17.8289	
6	16.7074	
6	6.29044	
6	3.24631	
6	10.1366	
6	14.6236	
6	7.73335	
6	3.88718	
6	8.214	
6	12.8613	
6	14.4634	
6	4.20761	
6	4.52805	
6	13.3419	
6	15.4247	
6	6.61087	
6	4.04739	
6	8.214	
6	14.4634	
6	11.5786	
6	3.24631	
6	5.48935	
6	15.9054	
6	15.4247	
6	7.73335	
6	6.29044	
6	12.8613	
6	18.1494	
6	11.0979	
6	3.40652	
6	5.64957	
6	17.3483	
6	11.8999	
6	4.04739	
6	4.52805	
6	13.8226	
6	17.0279	
6	9.33552	
6	2.92587	
6	8.214	
6	15.1043	
6	10.6173	
6	3.88718	
6	5.0087	
6	14.9441	
6	15.1043	
6	6.13022	
6	3.40652	
6	10.457	
6	15.9054	
6	11.2581	
6	5.64957	
6	8.53443	
6	20.2322	
6	15.7452	
6	5.48935	
6	3.24631	
6	10.9377	
6	14.6236	
6	7.25269	
6	3.72696	
6	8.69465	
6	14.7839	
6	13.8226	
6	2.76566	
6	5.0087	
6	15.5849	
6	15.4247	
6	6.13022	
6	3.88718	
6	9.33552	
6	15.2645	
6	10.457	
6	3.24631	
6	5.97	
6	17.5085	
6	14.9441	
6	7.41291	
6	6.13022	
6	13.9828	
6	17.9892	
6	9.97639	
6	2.92587	
6	6.45065	
6	11.2581	
6	10.9377	
6	4.36783	
6	5.64957	
6	15.2645	
6	16.5472	
6	7.89356	
6	3.24631	
6	9.49574	
6	15.5849	
6	9.81617	
6	3.88718	
6	5.80978	
6	16.387	
6	14.3032	
6	5.64957	
6	3.24631	
6	11.4183	
6	16.2268	
6	10.6173	
6	5.97	
6	9.33552	
6	15.4247	
6	14.4634	
6	5.0087	
6	3.40652	
6	12.3806	
6	14.4634	
6	6.77109	
6	3.88718	
6	9.33552	
6	15.9054	
6	13.1817	
6	2.76566	
6	5.80978	
6	16.2268	
6	14.4634	
6	5.16891	
6	3.72696	
6	10.457	
6	15.9054	
6	9.49574	
6	3.24631	
6	7.41291	
6	12.0602	
6	13.9828	
6	6.77109	
6	6.45065	
6	14.6236	
6	18.1494	
6	8.85487	
6	2.60544	
6	7.25269	
6	12.701	
6	10.1366	
6	4.20761	
6	5.64957	
6	15.9054	
6	16.2268	
6	7.09248	
6	3.24631	
6	10.1366	
6	15.7452	
6	8.37421	
6	3.72696	
6	6.13022	
6	17.8289	
6	13.9828	
6	4.68826	
6	3.72696	
6	12.701	
6	16.5472	
6	9.81617	
6	5.64957	
6	10.2968	
6	16.2268	
6	14.143	
6	4.36783	
6	4.04739	
6	13.3419	
6	14.3032	
6	6.29044	
6	4.20761	
6	10.7775	
6	16.2268	
6	12.2204	
6	2.60544	
6	6.13022	
6	17.8289	
6	14.143	
6	5.0087	
6	3.72696	
6	11.2581	
6	15.7452	
6	8.85487	
6	3.08609	
6	8.05378	
6	14.3032	
6	13.3419	
6	6.45065	
6	6.77109	
6	15.1043	
6	17.6687	
6	8.05378	
6	2.76566	
6	8.05378	
6	13.3419	
6	9.33552	
6	3.72696	
6	6.61087	
6	17.3483	
6	15.7452	
6	6.77109	
6	3.56674	
6	11.7397	
6	15.9054	
6	7.57313	
6	3.24631	
6	6.9313	
6	19.5913	
6	12.8613	
6	4.36783	
6	4.52805	
6	13.9828	
6	16.0656	
6	9.01508	
6	5.64957	
6	10.7775	
6	17.3483	
6	13.3419	
6	3.56674	
6	4.36783	
6	14.9441	
6	13.6623	
6	5.32913	
6	4.20761	
6	11.8999	
6	16.5472	
6	11.0979	
6	2.92587	
6	6.61087	
6	18.9505	
6	13.6623	
6	4.68826	
6	3.88718	
6	12.0602	
6	15.7452	
6	7.89356	
6	2.92587	
6	8.37421	
6	14.7839	
6	12.3806	
6	6.61087	
6	7.09248	
6	16.387	
6	17.0279	
6	7.09248	
6	2.76566	
6	9.01508	
6	14.143	
6	8.37421	
6	3.72696	
6	7.41291	
6	18.4698	
6	15.2645	
6	5.97	
6	4.36783	
6	12.3806	
6	15.5849	
6	7.25269	
6	3.40652	
6	7.41291	
6	12.8613	
6	12.3806	
6	4.04739	
6	5.0087	
6	14.143	
6	15.7452	
6	8.214	
6	5.80978	
6	11.8999	
6	17.6687	
6	12.3806	
6	3.56674	
6	5.0087	
6	16.0656	
6	13.3419	
6	4.68826	
6	4.20761	
6	12.8613	
6	16.8676	
6	10.457	
6	3.24631	
6	7.09248	
6	13.6623	
6	12.5408	
6	4.04739	
6	4.52805	
6	13.3419	
6	15.4247	
6	7.09248	
6	3.40652	
6	9.33552	
6	14.9441	
6	12.0602	
6	5.97	
6	7.73335	
6	17.5085	
6	16.387	
6	6.13022	
6	3.08609	
6	9.65595	
6	14.6236	
6	7.57313	
6	3.72696	
6	7.89356	
6	13.1817	
6	14.7839	
6	3.88718	
6	4.52805	
6	13.1817	
6	15.5849	
6	7.25269	
6	3.40652	
6	8.214	
6	14.143	
6	11.5786	
6	3.40652	
6	5.80978	
6	16.0656	
6	15.4247	
6	7.73335	
6	6.13022	
6	12.5408	
6	17.8289	
6	10.9377	
6	3.24631	
6	5.64957	
6	17.1881	
6	12.701	
6	4.36783	
6	4.84848	
6	14.143	
6	16.7074	
6	9.33552	
6	2.92587	
6	8.37421	
6	14.6236	
6	11.4183	
6	3.88718	
6	5.16891	
6	14.7839	
6	15.1043	
6	5.97	
6	3.40652	
6	10.1366	
6	15.4247	
6	11.4183	
6	6.29044	
6	8.37421	
6	20.072	
6	16.0656	
6	5.32913	
6	3.56674	
6	10.9377	
6	14.4634	
6	7.09248	
6	3.88718	
6	8.53443	
6	14.7839	
6	13.9828	
6	3.08609	
6	5.16891	
6	14.4634	
6	15.5849	
6	5.80978	
6	3.56674	
6	9.1753	
6	14.9441	
6	10.6173	
6	3.40652	
6	5.97	
6	17.5085	
6	14.7839	
6	7.57313	
6	6.13022	
6	13.8226	
6	18.1494	
6	9.65595	
6	3.24631	
6	6.29044	
6	10.7775	
6	10.9377	
6	4.36783	
6	5.48935	
6	15.1043	
6	16.7074	
6	8.214	
6	3.56674	
6	9.1753	
6	15.5849	
6	9.1753	
6	3.88718	
6	5.16891	
6	16.0656	
6	14.6236	
6	5.32913	
6	3.56674	
6	11.5786	
6	15.9054	
6	10.9377	
6	5.97	
6	9.1753	
6	15.2645	
6	14.7839	
6	4.52805	
6	4.04739	
6	11.8999	
6	14.6236	
6	6.9313	
6	3.88718	
6	9.49574	
6	16.0656	
7	13.1817	
7	2.92587	
7	5.48935	
7	16.387	
7	14.9441	
7	5.0087	
7	3.40652	
7	10.1366	
7	15.7452	
7	9.97639	
7	3.08609	
7	6.61087	
7	11.8999	
7	13.9828	
7	6.77109	
7	6.29044	
7	14.7839	
7	17.8289	
7	9.01508	
7	2.76566	
7	7.25269	
7	12.8613	
7	9.97639	
7	4.04739	
7	6.29044	
7	16.5472	
7	16.387	
7	7.09248	
7	3.72696	
7	10.2968	
7	15.5849	
7	8.37421	
7	3.72696	
7	6.29044	
7	17.9892	
7	13.6623	
7	43.7899	
7	52.1221	
7	63.3402	
7	56.4489	
7	51.0006	
7	47.3146	
7	53.8855	
7	49.078	
7	38.8212	
7	33.0524	
7	43.3083	
7	36.8986	
7	28.5654	
7	30.1685	
7	30.8094	
7	31.2901	
7	21.5149	
7	28.245	
7	30.9696	
7	20.072	
7	18.3096	
7	34.3342	
7	23.4375	
7	13.9828	
7	22.6364	
7	25.8417	
7	16.8676	
7	17.3483	
7	24.7192	
7	19.4311	
7	9.65595	
7	20.2322	
7	19.2709	
7	9.81617	
7	15.1043	
7	22.7966	
7	12.701	
7	9.01508	
7	17.8289	
7	13.9828	
7	6.9313	
7	17.3483	
7	18.3096	
7	5.97	
7	11.0979	
7	19.2709	
7	10.457	
7	9.65595	
7	19.5913	
7	13.8226	
7	4.84848	
7	16.2268	
7	14.143	
7	5.48935	
7	13.0215	
7	19.7515	
7	5.97	
7	7.09248	
7	17.5085	
7	9.01508	
7	5.0087	
7	20.072	
7	12.8613	
7	3.40652	
7	13.8226	
7	16.387	
7	6.9313	
7	11.5786	
7	20.2322	
7	7.09248	
7	4.36783	
7	14.3032	
7	8.85487	
7	4.20761	
7	18.4698	
7	15.5849	
7	2.92587	
7	11.5786	
7	16.5472	
7	4.52805	
7	7.25269	
7	17.6687	
7	7.09248	
7	3.88718	
7	14.6236	
7	12.2204	
7	5.97	
7	16.8676	
7	16.7074	
7	3.24631	
7	8.37421	
7	15.5849	
7	4.52805	
7	7.41291	
7	18.4698	
7	9.1753	
7	4.04739	
7	13.1817	
7	10.2968	
7	3.40652	
7	13.8226	
7	15.1043	
7	2.60544	
7	8.69465	
7	17.3483	
7	7.57313	
7	8.05378	
7	18.9505	
7	10.2968	
7	2.92587	
7	17.0279	
7	10.7775	
7	3.40652	
7	13.8226	
7	17.1881	
7	3.56674	
7	7.73335	
7	16.8676	
7	5.64957	
7	5.0087	
7	15.2645	
7	9.33552	
7	2.44522	
7	16.7074	
7	13.6623	
7	5.48935	
7	14.143	
7	18.7902	
7	4.52805	
7	5.97	
7	15.2645	
7	5.48935	
7	5.16891	
7	16.2268	
7	12.3806	
7	2.92587	
7	15.7452	
7	13.5021	
7	3.40652	
7	10.457	
7	16.5472	
7	3.88718	
7	5.64957	
7	16.7074	
7	9.01508	
7	6.77109	
7	16.5472	
7	12.8613	
7	2.60544	
7	13.0215	
7	12.3806	
7	3.72696	
7	10.7775	
7	18.63	
7	5.48935	
7	5.80978	
7	16.387	
7	7.25269	
7	3.88718	
7	19.7515	
7	12.0602	
7	1.96362	
7	13.1817	
7	15.7452	
7	6.13022	
7	11.2581	
7	19.7515	
7	6.29044	
7	4.20761	
7	14.3032	
7	7.57313	
7	4.04739	
7	18.7902	
7	14.7839	
7	2.76566	
7	12.0602	
7	15.7452	
7	3.88718	
7	7.89356	
7	17.3483	
7	5.64957	
7	4.36783	
7	14.9441	
7	11.2581	
7	5.64957	
7	18.3096	
7	15.7452	
7	2.92587	
7	10.2968	
7	14.9441	
7	3.88718	
7	8.05378	
7	18.4698	
7	8.214	
7	4.04739	
7	14.6236	
7	9.33552	
7	3.24631	
7	15.2645	
7	14.3032	
7	2.60544	
7	9.65595	
7	16.8676	
7	6.9313	
7	9.1753	
7	19.5913	
7	9.01508	
7	3.24631	
7	18.7902	
7	9.33552	
7	3.56674	
7	15.2645	
7	16.387	
7	3.24631	
7	8.69465	
7	16.7074	
7	5.0087	
7	6.45065	
7	16.2268	
7	8.05378	
7	3.08609	
7	18.4698	
7	13.3419	
7	5.64957	
7	15.7452	
7	17.8289	
7	3.72696	
7	7.25269	
7	15.5849	
7	4.84848	
7	5.97	
7	17.1881	
7	10.6173	
7	3.24631	
7	17.8289	
7	12.5408	
7	3.40652	
7	11.4183	
7	16.387	
7	3.56674	
7	7.09248	
7	17.3483	
7	8.214	
7	7.25269	
7	17.9892	
7	11.4183	
7	2.44522	
7	14.4634	
7	11.5786	
7	3.08609	
7	12.2204	
7	18.4698	
7	3.88718	
7	6.61087	
7	16.8676	
7	6.45065	
7	4.36783	
7	12.8613	
7	10.6173	
7	2.44522	
7	14.4634	
7	15.2645	
7	6.45065	
7	12.701	
7	19.4311	
7	5.48935	
7	5.0087	
7	14.9441	
7	6.61087	
7	4.36783	
7	13.3419	
7	13.5021	
7	2.76566	
7	13.6623	
7	14.9441	
7	3.88718	
7	9.01508	
7	17.3483	
7	5.0087	
7	5.0087	
7	15.9054	
7	10.1366	
7	6.13022	
7	21.1945	
7	14.7839	
7	2.60544	
7	10.6173	
7	14.4634	
7	3.72696	
7	9.1753	
7	18.9505	
7	7.09248	
7	4.84848	
7	15.7452	
7	8.69465	
7	3.40652	
7	17.0279	
7	13.1817	
7	1.96362	
7	11.4183	
7	16.387	
7	6.29044	
7	10.1366	
7	19.9118	
7	7.57313	
7	3.08609	
7	12.5408	
7	8.37421	
7	3.88718	
7	17.3483	
7	15.2645	
7	3.08609	
7	10.457	
7	16.387	
7	4.84848	
7	6.9313	
7	16.5472	
7	6.77109	
7	3.72696	
7	14.3032	
7	12.2204	
7	5.64957	
7	16.387	
7	17.0279	
7	3.08609	
7	8.214	
7	15.5849	
7	4.52805	
7	6.9313	
7	18.1494	
7	9.1753	
7	3.72696	
7	12.8613	
7	10.6173	
7	3.40652	
7	13.6623	
7	15.4247	
7	2.60544	
7	8.05378	
7	17.3483	
7	7.73335	
7	8.214	
7	18.9505	
7	10.1366	
7	2.76566	
7	16.387	
7	10.1366	
7	3.40652	
7	13.9828	
7	17.1881	
7	3.72696	
7	8.214	
7	17.1881	
7	5.97	
7	5.0087	
7	15.4247	
7	9.65595	
7	2.60544	
7	16.8676	
7	14.143	
7	5.48935	
7	14.3032	
7	18.63	
7	4.84848	
7	5.80978	
7	15.4247	
7	5.16891	
7	5.32913	
7	16.2268	
7	11.8999	
7	2.92587	
7	15.9054	
7	13.5021	
7	3.08609	
7	10.7775	
7	16.387	
7	3.88718	
7	5.97	
7	16.8676	
7	9.33552	
7	6.61087	
7	16.387	
7	13.0215	
7	2.28405	
7	13.3419	
7	13.1817	
7	3.40652	
7	10.6173	
7	18.63	
7	5.0087	
7	5.97	
7	16.2268	
7	7.25269	
7	3.88718	
7	19.4311	
7	11.7397	
7	2.28405	
7	12.8613	
7	15.7452	
7	6.13022	
7	11.7397	
7	20.072	
7	6.13022	
7	4.36783	
7	14.3032	
7	6.9313	
7	3.56674	
7	19.4311	
7	14.4634	
7	2.60544	
7	12.0602	
7	15.5849	
7	3.88718	
7	8.05378	
7	17.0279	
7	5.64957	
7	4.52805	
7	15.1043	
7	10.9377	
7	5.64957	
7	18.9505	
7	15.5849	
7	2.60544	
7	10.1366	
7	14.9441	
7	3.72696	
7	8.69465	
7	18.7902	
7	7.41291	
7	4.20761	
7	15.1043	
7	9.01508	
7	3.08609	
7	15.9054	
7	13.8226	
7	2.44522	
7	10.2968	
7	17.0279	
7	7.09248	
7	9.49574	
7	19.9118	
7	8.69465	
7	3.24631	
7	17.6687	
7	9.33552	
7	3.56674	
7	15.9054	
7	16.387	
7	3.24631	
7	9.1753	
7	16.387	
7	5.16891	
7	5.97	
7	16.5472	
7	7.89356	
7	3.24631	
7	14.143	
7	12.8613	
7	5.48935	
7	16.2268	
7	17.5085	
7	3.88718	
7	7.41291	
8	15.7452	
8	4.52805	
8	6.13022	
8	17.6687	
8	9.81617	
8	3.72696	
8	18.4698	
8	11.7397	
8	2.92587	
8	11.8999	
8	15.9054	
8	3.40652	
8	7.41291	
8	17.0279	
8	8.214	
8	7.73335	
8	17.8289	
8	11.0979	
8	2.44522	
8	15.2645	
8	11.0979	
8	3.24631	
8	12.701	
8	17.9892	
8	3.88718	
8	7.09248	
8	17.1881	
8	6.13022	
8	4.36783	
8	13.8226	
8	10.7775	
8	2.28405	
8	14.7839	
8	14.7839	
8	5.48935	
8	13.0215	
8	19.2709	
8	5.0087	
8	5.0087	
8	15.1043	
8	6.45065	
8	4.68826	
8	14.143	
8	13.5021	
8	2.60544	
8	13.9828	
8	13.9828	
8	3.56674	
8	9.1753	
8	16.8676	
8	4.52805	
8	5.32913	
8	16.0656	
8	9.65595	
8	6.45065	
8	14.6236	
8	14.143	
8	2.60544	
8	11.4183	
8	13.8226	
8	3.56674	
8	9.65595	
8	18.7902	
8	6.45065	
8	5.0087	
8	16.0656	
8	8.214	
8	3.08609	
8	17.5085	
8	12.5408	
8	2.28405	
8	12.0602	
8	16.0656	
8	6.13022	
8	10.6173	
8	19.7515	
8	7.09248	
8	3.72696	
8	13.5021	
8	8.53443	
8	3.88718	
8	18.3096	
8	15.1043	
8	2.76566	
8	11.4183	
8	15.7452	
8	4.36783	
8	7.25269	
8	17.0279	
8	6.77109	
8	3.72696	
8	14.6236	
8	11.7397	
8	5.80978	
8	17.5085	
8	16.5472	
8	3.24631	
8	8.85487	
8	15.4247	
8	3.88718	
8	7.57313	
8	18.3096	
8	8.53443	
8	4.04739	
8	13.8226	
8	9.97639	
8	3.08609	
8	13.9828	
8	14.9441	
8	2.28405	
8	9.33552	
8	17.1881	
8	7.41291	
8	8.69465	
8	19.9118	
8	9.1753	
8	2.76566	
8	17.8289	
8	10.1366	
8	3.08609	
8	14.6236	
8	17.1881	
8	3.08609	
8	8.53443	
8	16.387	
8	5.80978	
8	4.84848	
8	15.9054	
8	8.53443	
8	2.60544	
8	17.9892	
8	13.6623	
8	5.48935	
8	15.1043	
8	17.8289	
8	3.88718	
8	6.61087	
8	15.9054	
8	5.16891	
8	5.48935	
8	17.1881	
8	11.0979	
8	3.08609	
8	17.0279	
8	12.701	
8	3.40652	
8	11.7397	
8	16.387	
8	3.72696	
8	6.61087	
8	16.8676	
8	8.53443	
8	7.25269	
8	17.3483	
8	11.8999	
8	2.28405	
8	13.8226	
8	11.8999	
8	2.92587	
8	11.5786	
8	18.4698	
8	3.88718	
8	6.13022	
8	16.8676	
8	6.61087	
8	4.04739	
8	20.5526	
8	11.0979	
8	2.60544	
8	13.8226	
8	15.4247	
8	5.97	
8	12.2204	
8	19.4311	
8	5.64957	
8	4.68826	
8	14.7839	
8	6.9313	
8	4.36783	
8	21.0342	
8	13.8226	
8	3.24631	
8	13.3419	
8	14.7839	
8	3.72696	
8	8.37421	
8	17.1881	
8	5.0087	
8	4.52805	
8	15.9054	
8	10.457	
8	6.13022	
8	20.5526	
8	14.7839	
8	2.60544	
8	10.457	
8	14.143	
8	3.72696	
8	9.1753	
8	18.63	
8	7.09248	
8	4.68826	
8	15.4247	
8	8.53443	
8	3.24631	
8	17.0279	
8	13.1817	
8	2.44522	
8	11.2581	
8	16.5472	
8	6.61087	
8	9.81617	
8	19.5913	
8	7.57313	
8	3.40652	
8	12.3806	
8	8.53443	
8	3.40652	
8	17.3483	
8	15.7452	
8	2.92587	
8	10.1366	
8	16.0656	
8	4.36783	
8	6.9313	
8	16.8676	
8	6.77109	
8	3.56674	
8	13.9828	
8	12.2204	
8	6.13022	
8	16.7074	
8	16.8676	
8	3.24631	
8	8.214	
8	15.4247	
8	4.36783	
8	6.9313	
8	18.1494	
8	9.33552	
8	4.04739	
8	13.0215	
8	10.2968	
8	3.08609	
8	13.5021	
8	15.2645	
8	2.60544	
8	8.214	
8	17.1881	
8	7.41291	
8	8.69465	
8	18.63	
8	10.1366	
8	2.92587	
8	16.7074	
8	10.457	
8	3.24631	
8	14.143	
8	17.6687	
8	3.24631	
8	8.214	
8	16.7074	
8	5.80978	
8	5.0087	
8	15.2645	
8	9.49574	
8	2.44522	
8	16.5472	
8	13.6623	
8	5.48935	
8	14.6236	
8	18.4698	
8	4.52805	
8	5.80978	
8	15.2645	
8	5.64957	
8	5.32913	
8	16.2268	
8	11.8999	
8	2.92587	
8	16.2268	
8	13.5021	
8	3.40652	
8	10.6173	
8	16.7074	
8	3.72696	
8	6.45065	
8	16.387	
8	8.85487	
8	7.25269	
8	16.5472	
8	12.701	
8	2.28405	
8	13.3419	
8	12.2204	
8	3.56674	
8	11.2581	
8	18.3096	
8	4.52805	
8	5.97	
8	16.7074	
8	7.41291	
8	3.88718	
8	20.3924	
8	11.2581	
8	2.44522	
8	12.5408	
8	15.4247	
8	5.97	
8	11.7397	
8	19.9118	
8	5.80978	
8	4.68826	
8	14.4634	
8	7.41291	
8	3.88718	
8	19.7515	
8	14.143	
8	2.92587	
8	12.5408	
8	14.6236	
8	4.20761	
8	7.89356	
8	17.1881	
8	5.48935	
8	4.52805	
8	15.4247	
8	10.457	
8	5.64957	
8	19.4311	
8	15.2645	
8	2.76566	
8	10.7775	
8	14.6236	
8	3.56674	
8	8.69465	
8	18.9505	
8	7.41291	
8	4.68826	
8	14.9441	
8	9.1753	
8	3.40652	
8	16.0656	
8	13.6623	
8	1.96362	
8	10.457	
8	16.8676	
8	6.77109	
8	9.97639	
8	19.5913	
8	8.05378	
8	3.24631	
8	12.2204	
8	8.69465	
8	3.56674	
8	16.8676	
8	15.9054	
8	2.76566	
8	10.2968	
8	15.9054	
8	4.84848	
8	6.61087	
8	16.8676	
8	7.09248	
8	3.56674	
8	13.1817	
8	12.2204	
8	5.64957	
8	16.387	
8	17.0279	
8	3.40652	
8	8.214	
8	15.5849	
8	4.36783	
8	6.61087	
8	17.9892	
8	9.81617	
8	3.88718	
8	19.5913	
8	10.457	
8	3.08609	
8	13.1817	
8	15.4247	
8	2.76566	
8	7.57313	
8	17.1881	
8	7.73335	
8	8.37421	
8	18.7902	
8	10.457	
8	2.92587	
8	16.387	
8	10.6173	
8	3.40652	
8	13.3419	
8	17.8289	
8	3.88718	
8	7.25269	
8	16.8676	
8	5.64957	
8	5.16891	
8	14.7839	
8	9.97639	
8	2.76566	
8	16.387	
8	13.6623	
8	5.64957	
8	14.3032	
8	18.63	
8	4.52805	
8	6.29044	
8	15.1043	
8	5.80978	
8	5.0087	
8	16.0656	
8	12.0602	
8	3.08609	
8	15.4247	
8	13.3419	
8	3.56674	
8	10.457	
8	16.5472	
8	4.04739	
8	5.97	
8	16.7074	
8	8.69465	
8	6.9313	
8	16.0656	
8	13.1817	
8	2.60544	
8	13.5021	
8	13.0215	
8	3.40652	
8	10.9377	
8	18.63	
8	5.32913	
8	5.48935	
8	16.0656	
8	7.09248	
8	3.72696	
8	19.7515	
8	11.8999	
8	1.96362	
8	13.3419	
8	15.4247	
8	6.13022	
8	12.0602	
8	19.7515	
8	6.29044	
8	4.52805	
8	14.4634	
8	7.25269	
8	3.88718	
8	19.5913	
8	14.143	
8	3.24631	
8	12.3806	
8	14.9441	
8	3.88718	
8	7.89356	
8	17.5085	
8	5.48935	
8	4.36783	
8	15.1043	
8	10.9377	
8	5.80978	
8	18.7902	
8	15.5849	
8	2.60544	
8	10.1366	
8	14.6236	
8	4.20761	
8	8.53443	
8	18.7902	
8	7.73335	
8	4.68826	
8	14.9441	
8	9.1753	
8	2.92587	
8	15.7452	
8	13.8226	
8	2.28405	
8	10.6173	
8	16.5472	
8	6.9313	
8	9.01508	
8	19.7515	
8	8.214	
8	3.08609	
8	11.0979	
8	9.1753	
8	3.24631	
8	16.387	
8	16.2268	
8	3.24631	
8	9.49574	
8	16.2268	
8	5.0087	
8	5.97	
8	16.7074	
8	7.41291	
9	2.92587	
9	12.8613	
9	12.5408	
9	5.32913	
9	16.0656	
9	17.0279	
9	3.72696	
9	7.57313	
9	15.4247	
9	4.84848	
9	6.45065	
9	17.5085	
9	9.81617	
9	3.40652	
9	19.4311	
9	11.0979	
9	3.56674	
9	12.701	
9	15.9054	
9	3.56674	
9	7.73335	
9	17.1881	
9	8.214	
9	7.89356	
9	18.3096	
9	10.2968	
9	2.60544	
9	15.9054	
9	10.7775	
9	3.40652	
9	13.1817	
9	17.6687	
9	3.56674	
9	7.41291	
9	17.0279	
9	6.13022	
9	5.0087	
9	14.9441	
9	10.1366	
9	2.76566	
9	16.2268	
9	13.8226	
9	5.80978	
9	13.5021	
9	19.1107	
9	4.52805	
9	5.48935	
9	15.1043	
9	5.80978	
9	5.48935	
9	15.5849	
9	12.0602	
9	3.08609	
9	15.4247	
9	13.5021	
9	3.72696	
9	9.65595	
9	17.1881	
9	4.04739	
9	5.80978	
9	16.7074	
9	9.1753	
9	6.61087	
9	15.5849	
9	13.0215	
9	2.44522	
9	12.5408	
9	13.1817	
9	3.56674	
9	10.9377	
9	18.63	
9	4.84848	
9	5.80978	
9	16.0656	
9	7.73335	
9	3.56674	
9	19.1107	
9	12.2204	
9	2.28405	
9	13.1817	
9	15.5849	
9	6.29044	
9	11.7397	
9	19.9118	
9	5.97	
9	4.04739	
9	14.143	
9	7.73335	
9	3.88718	
9	19.4311	
9	14.6236	
9	2.76566	
9	12.3806	
9	14.7839	
9	4.20761	
9	7.89356	
9	17.6687	
9	5.80978	
9	4.36783	
9	15.5849	
9	11.0979	
9	5.80978	
9	19.1107	
9	15.5849	
9	2.92587	
9	9.97639	
9	14.3032	
9	3.72696	
9	8.53443	
9	18.7902	
9	7.73335	
9	4.68826	
9	14.7839	
9	9.1753	
9	3.24631	
9	15.4247	
9	13.9828	
9	2.28405	
9	10.6173	
9	16.7074	
9	6.77109	
9	9.65595	
9	19.9118	
9	7.89356	
9	3.24631	
9	27.4439	
9	38.8212	
9	34.976	
9	48.5973	
9	41.0652	
9	28.8858	
9	38.5008	
9	35.4567	
9	24.559	
9	32.2514	
9	32.0911	
9	18.9505	
9	29.0461	
9	29.5267	
9	20.5526	
9	30.0083	
9	28.7256	
9	14.4634	
9	24.7192	
9	21.1945	
9	12.5408	
9	28.4052	
9	21.8353	
9	11.4183	
9	19.4311	
9	16.387	
9	10.1366	
9	19.9118	
9	13.0215	
9	9.97639	
9	21.1945	
9	12.2204	
9	14.6236	
9	24.0784	
9	8.37421	
9	12.5408	
9	17.5085	
9	6.77109	
9	18.9505	
9	17.8289	
9	5.80978	
9	23.1171	
9	12.0602	
9	5.97	
9	17.8289	
9	8.69465	
9	6.77109	
9	19.1107	
9	8.85487	
9	13.3419	
9	20.874	
9	4.52805	
9	12.701	
9	13.3419	
9	4.36783	
9	20.874	
9	13.8226	
9	4.84848	
9	17.1881	
9	7.73335	
9	6.61087	
9	18.3096	
9	5.0087	
9	9.01508	
9	17.5085	
9	6.45065	
9	16.5472	
9	16.7074	
9	2.76566	
9	18.4698	
9	9.33552	
9	4.84848	
9	18.4698	
9	8.37421	
9	6.45065	
9	17.5085	
9	5.0087	
9	10.457	
9	16.7074	
9	2.28405	
9	14.3032	
9	14.143	
9	5.97	
9	16.387	
9	11.2581	
9	3.56674	
9	15.4247	
9	4.68826	
9	7.89356	
9	19.5913	
9	4.04739	
9	11.0979	
9	15.2645	
9	3.56674	
9	16.387	
9	12.5408	
9	2.76566	
9	14.6236	
9	10.2968	
9	7.89356	
9	21.0342	
9	6.29044	
9	6.45065	
9	15.5849	
9	3.24631	
9	13.5021	
9	16.387	
9	2.92587	
9	18.63	
9	10.457	
9	3.72696	
9	15.9054	
9	7.25269	
9	5.0087	
9	17.8289	
9	6.9313	
9	12.0602	
9	19.1107	
9	3.08609	
9	12.8613	
9	11.7397	
9	3.24631	
9	13.6623	
9	11.0979	
9	4.36783	
9	16.8676	
9	6.45065	
9	6.61087	
9	17.8289	
9	3.72696	
9	10.1366	
9	15.9054	
9	5.48935	
9	17.3483	
9	14.9441	
9	2.60544	
9	12.3806	
9	7.57313	
9	5.48935	
9	19.2709	
9	5.97	
9	7.73335	
9	17.0279	
9	3.72696	
9	11.8999	
9	15.5849	
9	1.8034	
9	16.8676	
9	12.701	
9	5.97	
9	18.63	
9	8.85487	
9	4.52805	
9	16.0656	
9	4.52805	
9	9.49574	
9	18.1494	
9	3.56674	
9	13.3419	
9	12.701	
9	3.08609	
9	19.5913	
9	10.7775	
9	3.24631	
9	16.5472	
9	8.69465	
9	8.85487	
9	20.5526	
9	4.52805	
9	8.53443	
9	14.9441	
9	3.40652	
9	16.5472	
9	14.9441	
9	3.08609	
9	14.3032	
9	8.69465	
9	4.52805	
9	17.3483	
9	5.97	
9	6.29044	
9	17.6687	
9	6.61087	
9	13.9828	
9	17.8289	
9	2.76566	
9	15.1043	
9	10.1366	
9	3.40652	
9	16.8676	
9	9.49574	
9	5.16891	
9	17.0279	
9	5.64957	
9	8.214	
9	17.3483	
9	2.44522	
9	12.2204	
9	14.6236	
9	5.32913	
9	21.3547	
9	12.701	
9	2.60544	
9	14.3032	
9	6.29044	
9	6.45065	
9	19.4311	
9	4.20761	
9	9.65595	
9	15.7452	
9	3.56674	
9	14.143	
9	13.5021	
9	2.28405	
9	13.3419	
9	10.7775	
9	6.9313	
9	20.072	
9	7.09248	
9	5.64957	
9	16.2268	
9	3.56674	
9	11.5786	
9	17.3483	
9	2.92587	
9	15.7452	
9	11.0979	
9	3.08609	
9	14.4634	
9	8.214	
9	4.04739	
9	17.1881	
9	7.73335	
9	10.6173	
9	19.9118	
9	3.72696	
9	10.1366	
9	12.701	
9	3.08609	
9	19.2709	
9	13.1817	
9	3.56674	
9	16.387	
9	6.77109	
9	5.80978	
9	18.1494	
9	4.36783	
9	8.214	
9	16.7074	
9	5.48935	
9	15.9054	
9	16.0656	
9	2.28405	
9	18.63	
9	9.01508	
9	4.20761	
9	18.63	
9	8.37421	
9	6.61087	
9	17.6687	
9	4.52805	
9	10.457	
9	16.387	
9	2.28405	
9	14.7839	
9	13.8226	
9	5.48935	
9	16.8676	
9	10.1366	
9	3.56674	
9	15.4247	
9	5.0087	
9	8.37421	
9	18.7902	
9	4.36783	
9	11.0979	
9	14.9441	
9	3.56674	
9	17.3483	
9	11.8999	
9	2.44522	
9	15.4247	
9	9.65595	
9	8.214	
9	20.7129	
9	5.97	
9	6.77109	
9	15.4247	
9	3.08609	
9	14.3032	
9	16.2268	
9	3.40652	
9	19.5913	
9	9.81617	
9	3.88718	
9	16.5472	
9	7.09248	
9	5.32913	
9	17.5085	
9	6.77109	
9	12.0602	
9	18.9505	
9	2.76566	
9	12.701	
9	10.9377	
9	3.24631	
9	14.143	
9	11.2581	
9	4.20761	
9	17.0279	
9	5.97	
9	6.9313	
9	17.8289	
9	2.76566	
9	10.7775	
9	15.5849	
9	5.48935	
9	18.63	
9	14.3032	
9	2.44522	
9	12.5408	
9	7.25269	
9	5.80978	
9	18.9505	
9	5.80978	
9	8.214	
9	16.5472	
9	3.72696	
9	12.3806	
9	15.1043	
9	1.96362	
9	18.1494	
9	12.3806	
9	6.13022	
9	19.4311	
9	8.05378	
9	4.68826	
9	16.0656	
9	4.20761	
9	10.2968	
9	18.3096	
9	2.92587	
9	13.9828	
9	12.3806	
9	3.08609	
9	20.7129	
9	9.97639	
9	3.40652	
9	16.5472	
9	8.85487	
9	9.49574	
9	20.5526	
9	4.52805	
9	8.85487	
9	14.143	
9	3.24631	
9	17.1881	
9	14.143	
9	3.08609	
9	15.1043	
9	8.37421	
9	4.68826	
9	17.5085	
9	5.32913	
9	7.09248	
9	17.1881	
9	5.97	
9	14.7839	
9	17.1881	
9	2.76566	
9	15.7452	
9	9.33552	
9	3.88718	
9	17.3483	
10	9.01508	
10	5.64957	
10	17.5085	
10	5.64957	
10	8.69465	
10	17.0279	
10	2.60544	
10	13.5021	
10	14.143	
10	5.64957	
10	14.9441	
10	12.0602	
10	3.08609	
10	14.7839	
10	5.97	
10	6.9313	
10	19.4311	
10	4.68826	
10	9.81617	
10	15.7452	
10	3.88718	
10	15.4247	
10	13.0215	
10	2.60544	
10	13.9828	
10	10.1366	
10	6.9313	
10	20.3924	
10	6.9313	
10	6.13022	
10	15.9054	
10	3.56674	
10	13.0215	
10	16.8676	
10	3.08609	
10	17.0279	
10	10.9377	
10	3.40652	
10	15.4247	
10	7.89356	
10	4.52805	
10	17.1881	
10	7.09248	
10	11.4183	
10	19.5913	
10	3.24631	
10	10.9377	
10	12.2204	
10	3.08609	
10	20.874	
10	12.5408	
10	3.88718	
10	16.5472	
10	6.77109	
10	5.48935	
10	17.9892	
10	4.04739	
10	9.65595	
10	16.0656	
10	5.16891	
10	17.5085	
10	15.5849	
10	2.28405	
10	18.63	
10	7.73335	
10	5.0087	
10	18.7902	
10	6.9313	
10	7.09248	
10	17.0279	
10	4.20761	
10	11.2581	
10	15.4247	
10	2.28405	
10	15.9054	
10	12.701	
10	5.80978	
10	18.4698	
10	9.1753	
10	3.88718	
10	15.7452	
10	4.52805	
10	8.85487	
10	18.9505	
10	3.72696	
10	12.3806	
10	14.143	
10	3.24631	
10	18.7902	
10	11.7397	
10	3.40652	
10	16.0656	
10	8.85487	
10	8.53443	
10	20.5526	
10	5.0087	
10	7.73335	
10	14.7839	
10	3.08609	
10	15.4247	
10	15.9054	
10	2.92587	
10	13.3419	
10	9.33552	
10	3.88718	
10	17.1881	
10	6.29044	
10	5.80978	
10	17.6687	
10	6.29044	
10	13.8226	
10	18.1494	
10	2.92587	
10	13.9828	
10	10.457	
10	3.56674	
10	16.387	
10	10.1366	
10	4.68826	
10	17.3483	
10	6.13022	
10	7.57313	
10	17.5085	
10	2.92587	
10	11.7397	
10	15.1043	
10	5.48935	
10	20.5526	
10	13.1817	
10	2.44522	
10	14.143	
10	6.45065	
10	5.97	
10	19.1107	
10	4.84848	
10	9.01508	
10	15.7452	
