0	0.361443	
0	0.52166	
0	0.361443	
0	0.681877	
0	0.361443	
0	0.52166	
0	0.201225	
0	0.52166	
0	0.041008	
0	0.361443	
0	0.201225	
0	0.52166	
0	0.681877	
0	0.361443	
0	0.361443	
0	0.361443	
0	0.361443	
0	0.52166	
0	0.361443	
0	0.201225	
0	0.52166	
0	0.52166	
0	0.201225	
0	0.52166	
0	0.361443	
0	0.361443	
0	0.361443	
0	0.201225	
0	0.201225	
0	0.52166	
0	0.52166	
0	0.041008	
0	0.52166	
0	0.361443	
0	0.041008	
0	0.681877	
0	0.52166	
0	0.52166	
0	0.681877	
0	0.361443	
0	0.361443	
0	0.52166	
0	0.361443	
0	0.361443	
0	0.361443	
0	0.681877	
0	0.201225	
0	0.201225	
0	0.361443	
0	0.52166	
0	0.681877	
0	0.361443	
0	0.361443	
0	0.52166	
0	0.361443	
0	0.361443	
0	0.041008	
0	0.52166	
0	0.52166	
0	0.361443	
0	0.681877	
0	0.361443	
0	0.361443	
0	0.201225	
0	0.52166	
0	0.201225	
0	0.201225	
0	0.041008	
0	0.201225	
0	0.201225	
0	0.361443	
0	0.201225	
0	0.041008	
0	0.361443	
0	0.201225	
0	0.201225	
0	0.681877	
0	0.201225	
0	0.361443	
0	0.201225	
0	0.361443	
0	0.041008	
0	0.201225	
0	0.201225	
0	0.361443	
0	0.201225	
0	0.201225	
0	0.361443	
0	0.361443	
0	0.201225	
0	0.361443	
0	0.201225	
0	0.361443	
0	-0.119209	
0	0.361443	
0	0.361443	
0	0.201225	
0	0.681877	
0	0.361443	
0	0.041008	
0	0.52166	
0	0.361443	
0	0.041008	
0	0.361443	
0	0.52166	
0	0.52166	
0	0.201225	
0	0.201225	
0	0.201225	
0	0.52166	
0	0.52166	
0	0.52166	
0	0.681877	
0	0.52166	
0	0.041008	
0	0.52166	
0	0.201225	
0	0.361443	
0	0.52166	
0	0.361443	
0	0.681877	
0	0.361443	
0	0.681877	
0	0.52166	
0	0.361443	
0	0.201225	
0	0.361443	
0	0.361443	
0	0.041008	
0	0.201225	
0	0.361443	
0	0.201225	
0	0.361443	
0	0.361443	
0	0.361443	
0	0.201225	
0	0.201225	
0	0.201225	
0	0.201225	
0	0.041008	
0	0.361443	
0	0.52166	
0	0.361443	
0	0.361443	
0	0.681877	
0	0.201225	
0	0.201225	
0	0.52166	
0	0.201225	
0	0.041008	
0	0.361443	
0	0.52166	
0	0.52166	
0	0.52166	
0	0.361443	
0	0.361443	
0	0.041008	
0	0.201225	
0	0.52166	
0	0.201225	
0	0.842094	
0	0.201225	
0	0.361443	
0	0.52166	
0	0.201225	
0	0.201225	
0	0.361443	
0	0.201225	
0	0.201225	
0	0.361443	
0	1.00231	
0	0.361443	
0	0.361443	
0	0.681877	
0	0.201225	
0	0.361443	
0	0.361443	
0	0.041008	
0	0.361443	
0	0.361443	
0	0.361443	
0	0.201225	
0	0.041008	
0	0.361443	
0	1.00231	
0	0.681877	
0	0.361443	
0	0.681877	
0	-0.119209	
0	0.52166	
0	0.681877	
0	0.52166	
0	0.361443	
0	0.361443	
0	0.361443	
0	0.361443	
0	0.041008	
0	0.361443	
0	0.201225	
0	0.52166	
0	0.52166	
0	0.361443	
0	0.52166	
0	0.52166	
0	0.52166	
0	0.361443	
0	0.361443	
0	0.201225	
0	0.201225	
0	0.361443	
0	0.842094	
0	0.361443	
0	0.361443	
0	0.201225	
0	0.52166	
0	0.201225	
0	0.201225	
0	0.041008	
0	0.361443	
0	0.681877	
0	0.52166	
0	0.201225	
0	0.201225	
0	0.361443	
0	0.52166	
0	0.361443	
0	0.201225	
0	0.52166	
0	0.52166	
0	0.201225	
0	0.52166	
0	0.52166	
0	0.201225	
0	0.52166	
0	0.361443	
0	0.201225	
0	0.361443	
0	0.361443	
0	0.681877	
0	0.681877	
0	0.52166	
0	0.201225	
0	0.361443	
0	0.681877	
0	0.361443	
0	0.361443	
0	0.681877	
0	0.041008	
0	0.361443	
0	0.52166	
0	0.681877	
1	0.52166	
1	0.361443	
1	0.041008	
1	0.681877	
1	0.361443	
1	0.201225	
1	0.201225	
1	0.361443	
1	0.52166	
1	0.681877	
1	0.52166	
1	0.201225	
1	0.681877	
1	0.361443	
1	0.041008	
1	0.201225	
1	0.52166	
1	0.681877	
1	0.361443	
1	0.52166	
1	0.361443	
1	0.361443	
1	0.52166	
1	0.201225	
1	0.681877	
1	0.361443	
1	0.361443	
1	0.361443	
1	0.361443	
1	0.361443	
1	0.361443	
1	0.201225	
1	0.201225	
1	0.361443	
1	0.52166	
1	0.201225	
1	0.201225	
1	0.681877	
1	0.201225	
1	0.842094	
1	0.52166	
1	0.361443	
1	0.52166	
1	0.361443	
1	0.52166	
1	0.52166	
1	0.201225	
1	0.361443	
1	0.681877	
1	0.361443	
1	0.361443	
1	0.361443	
1	0.201225	
1	0.201225	
1	0.681877	
1	0.52166	
1	0.041008	
1	0.361443	
1	0.201225	
1	0.201225	
1	0.361443	
1	0.361443	
1	0.201225	
1	0.681877	
1	0.201225	
1	0.041008	
1	0.361443	
1	0.201225	
1	0.52166	
1	0.361443	
1	0.681877	
1	0.52166	
1	0.361443	
1	0.52166	
1	0.201225	
1	0.361443	
1	0.52166	
1	0.361443	
1	-0.119209	
1	0.361443	
1	0.361443	
1	0.361443	
1	0.361443	
1	0.52166	
1	0.201225	
1	0.361443	
1	0.361443	
1	0.52166	
1	0.201225	
1	0.52166	
1	0.201225	
1	0.52166	
1	0.361443	
1	0.361443	
1	0.52166	
1	0.361443	
1	0.361443	
1	0.361443	
1	0.361443	
1	0.681877	
1	0.52166	
1	0.361443	
1	0.201225	
1	0.361443	
1	0.361443	
1	0.52166	
1	0.201225	
1	0.201225	
1	0.681877	
1	0.681877	
1	0.201225	
1	0.52166	
1	0.201225	
1	0.52166	
1	0.201225	
1	0.361443	
1	0.361443	
1	0.842094	
1	0.201225	
1	0.681877	
1	0.52166	
1	0.361443	
1	0.361443	
1	0.361443	
1	0.361443	
1	0.361443	
1	0.361443	
1	0.52166	
1	0.681877	
1	0.52166	
1	0.361443	
1	0.52166	
1	0.041008	
1	0.52166	
1	0.361443	
1	0.201225	
1	0.201225	
1	0.361443	
1	0.52166	
1	0.361443	
1	0.201225	
1	0.52166	
1	0.361443	
1	0.361443	
1	0.361443	
1	0.041008	
1	0.201225	
1	0.52166	
1	0.361443	
1	0.681877	
1	0.361443	
1	0.681877	
1	0.361443	
1	0.681877	
1	0.201225	
1	0.361443	
1	0.201225	
1	0.201225	
1	0.041008	
1	0.681877	
1	0.52166	
1	0.361443	
1	0.361443	
1	0.041008	
1	0.201225	
1	0.041008	
1	0.041008	
1	0.361443	
1	0.681877	
1	0.52166	
1	0.201225	
1	0.52166	
1	0.52166	
1	0.52166	
1	0.361443	
1	0.52166	
1	0.361443	
1	0.361443	
1	0.201225	
1	0.52166	
1	0.361443	
1	0.361443	
1	0.361443	
1	0.361443	
1	0.52166	
1	0.361443	
1	0.361443	
1	0.201225	
1	0.201225	
1	0.52166	
1	0.681877	
1	0.52166	
1	0.52166	
1	0.041008	
1	0.201225	
1	0.361443	
1	0.681877	
1	0.201225	
1	0.041008	
1	0.52166	
1	0.361443	
1	0.361443	
1	0.361443	
1	0.361443	
1	0.201225	
1	0.52166	
1	0.361443	
1	0.201225	
1	0.361443	
1	0.361443	
1	0.361443	
1	0.52166	
1	0.361443	
1	0.201225	
1	0.361443	
1	0.361443	
1	0.681877	
1	0.361443	
1	0.361443	
1	0.681877	
1	0.361443	
1	0.361443	
1	0.041008	
1	0.201225	
1	0.361443	
1	0.52166	
1	0.52166	
1	0.361443	
1	0.52166	
1	0.52166	
1	0.681877	
1	0.681877	
1	0.681877	
1	0.201225	
1	0.681877	
1	0.52166	
1	0.842094	
1	0.361443	
1	0.52166	
1	0.52166	
1	36.5782	
1	45.0716	
1	45.5523	
1	42.347	
1	39.463	
1	38.5008	
1	38.0201	
1	37.219	
1	30.0083	
1	31.4503	
1	30.3288	
1	30.489	
1	29.3665	
1	27.7643	
1	26.803	
1	24.8795	
1	23.2773	
1	22.1558	
1	20.7129	
1	18.63	
1	17.5085	
1	16.387	
1	16.2268	
1	15.7452	
1	14.6236	
1	13.9828	
1	12.701	
1	12.3806	
1	12.0602	
1	12.5408	
1	12.701	
1	11.0979	
1	13.1817	
1	12.8613	
1	12.3806	
1	12.2204	
1	11.5786	
1	11.5786	
1	10.6173	
1	10.2968	
1	9.49574	
1	9.49574	
1	8.69465	
1	8.85487	
1	8.69465	
1	8.69465	
1	9.01508	
1	9.65595	
1	8.53443	
1	11.2581	
1	9.97639	
1	10.1366	
1	13.0215	
1	6.61087	
1	7.73335	
1	7.57313	
1	7.89356	
1	6.77109	
1	7.41291	
1	6.9313	
1	6.9313	
1	7.89356	
1	7.89356	
1	7.73335	
1	9.49574	
1	10.6173	
1	12.3806	
1	10.1366	
1	13.6623	
1	9.01508	
1	9.49574	
1	9.01508	
1	9.65595	
1	8.53443	
1	8.214	
1	7.09248	
1	8.214	
1	7.41291	
1	8.37421	
1	8.53443	
1	7.73335	
1	8.53443	
1	10.1366	
1	10.7775	
1	8.53443	
1	8.85487	
1	9.33552	
1	9.1753	
1	7.73335	
1	5.0087	
1	5.48935	
1	5.64957	
1	6.45065	
1	6.61087	
1	6.45065	
1	5.16891	
1	4.68826	
1	4.84848	
1	3.24631	
1	6.29044	
1	7.57313	
1	9.49574	
1	7.25269	
1	8.37421	
1	7.89356	
1	8.05378	
1	4.52805	
1	8.37421	
1	8.37421	
1	9.97639	
1	5.48935	
1	6.77109	
1	5.97	
1	14.6236	
1	10.2968	
1	10.457	
1	11.5786	
1	13.1817	
1	13.6623	
1	10.7775	
1	11.2581	
1	8.69465	
1	9.81617	
1	10.9377	
1	10.1366	
1	8.69465	
1	8.05378	
1	7.25269	
1	7.73335	
1	6.45065	
1	7.25269	
1	7.09248	
1	7.25269	
1	8.05378	
1	8.69465	
1	9.65595	
1	8.53443	
1	9.65595	
1	9.01508	
1	8.53443	
1	8.69465	
1	8.37421	
1	7.73335	
1	6.9313	
1	7.41291	
1	7.09248	
1	6.9313	
1	6.9313	
1	6.9313	
1	7.57313	
1	7.41291	
1	7.73335	
1	9.65595	
1	6.61087	
1	9.01508	
1	9.1753	
1	8.05378	
1	7.09248	
1	7.25269	
1	6.29044	
1	6.13022	
1	6.61087	
1	6.13022	
1	6.29044	
1	7.25269	
1	7.41291	
1	5.97	
1	13.5021	
1	13.5021	
1	13.9828	
1	8.85487	
1	9.97639	
1	11.0979	
1	13.5021	
1	12.701	
1	9.81617	
1	8.85487	
1	7.89356	
1	5.48935	
1	7.89356	
1	5.97	
1	5.80978	
1	8.53443	
1	7.73335	
1	8.69465	
1	9.81617	
1	10.1366	
1	11.2581	
1	8.85487	
1	8.214	
1	7.89356	
1	7.41291	
1	5.97	
1	5.16891	
1	4.68826	
1	5.32913	
1	5.16891	
1	3.56674	
1	3.72696	
1	4.36783	
1	5.97	
1	6.61087	
1	6.9313	
1	8.214	
1	6.29044	
1	8.53443	
1	8.37421	
1	8.214	
1	8.37421	
1	7.09248	
1	7.89356	
1	8.69465	
1	7.89356	
1	8.69465	
1	8.85487	
1	9.01508	
1	10.1366	
1	10.6173	
1	10.9377	
1	11.0979	
1	10.7775	
1	12.3806	
1	11.4183	
1	11.7397	
1	11.4183	
1	10.1366	
1	9.81617	
1	9.01508	
1	8.05378	
1	6.61087	
1	6.61087	
1	7.25269	
1	7.09248	
1	6.77109	
1	7.09248	
1	6.77109	
1	7.89356	
1	9.01508	
1	10.6173	
1	8.69465	
1	9.65595	
1	8.85487	
1	9.33552	
1	9.97639	
1	8.214	
1	7.25269	
1	7.25269	
1	7.09248	
1	6.77109	
1	6.29044	
1	5.97	
1	5.80978	
1	6.61087	
1	7.57313	
1	8.85487	
1	9.97639	
1	7.89356	
1	8.69465	
1	8.37421	
2	6.45065	
2	6.13022	
2	6.61087	
2	5.80978	
2	9.01508	
2	5.32913	
2	5.48935	
2	5.0087	
2	6.61087	
2	5.97	
2	7.41291	
2	8.05378	
2	10.6173	
2	11.5786	
2	9.97639	
2	9.97639	
2	10.6173	
2	10.1366	
2	9.97639	
2	9.33552	
2	8.05378	
2	7.25269	
2	7.89356	
2	7.25269	
2	7.25269	
2	8.214	
2	8.05378	
2	7.89356	
2	9.49574	
2	10.457	
2	10.457	
2	8.214	
2	9.1753	
2	8.05378	
2	9.81617	
2	6.45065	
2	5.48935	
2	5.32913	
2	5.0087	
2	5.64957	
2	5.0087	
2	6.77109	
2	4.68826	
2	5.64957	
2	5.80978	
2	6.29044	
2	7.41291	
2	9.1753	
2	7.73335	
2	8.53443	
2	8.05378	
2	6.9313	
2	8.214	
2	8.85487	
2	8.37421	
2	8.53443	
2	8.53443	
2	8.05378	
2	9.33552	
2	9.65595	
2	8.69465	
2	9.81617	
2	10.9377	
2	7.89356	
2	14.9441	
2	9.49574	
2	10.457	
2	11.8999	
2	10.9377	
2	5.64957	
2	7.57313	
2	9.01508	
2	6.61087	
2	7.25269	
2	7.57313	
2	6.77109	
2	5.80978	
2	8.37421	
2	6.9313	
2	7.25269	
2	7.73335	
2	9.33552	
2	11.2581	
2	15.9054	
2	9.65595	
2	7.57313	
2	8.53443	
2	8.37421	
2	5.48935	
2	6.29044	
2	8.53443	
2	5.16891	
2	5.32913	
2	6.77109	
2	6.61087	
2	6.29044	
2	11.5786	
2	11.7397	
2	8.53443	
2	13.8226	
2	8.53443	
2	7.41291	
2	5.16891	
2	9.33552	
2	7.09248	
2	6.9313	
2	6.61087	
2	5.97	
2	6.61087	
2	6.13022	
2	6.45065	
2	5.97	
2	6.9313	
2	7.89356	
2	8.85487	
2	9.81617	
2	8.85487	
2	10.2968	
2	10.2968	
2	9.65595	
2	8.53443	
2	9.97639	
2	9.33552	
2	9.01508	
2	6.9313	
2	7.57313	
2	7.09248	
2	7.57313	
2	8.69465	
2	8.214	
2	8.214	
2	8.85487	
2	9.65595	
2	10.7775	
2	8.37421	
2	9.33552	
2	10.6173	
2	8.05378	
2	7.41291	
2	5.32913	
2	5.16891	
2	5.16891	
2	6.13022	
2	5.80978	
2	5.32913	
2	5.16891	
2	5.32913	
2	5.32913	
2	6.29044	
2	7.25269	
2	8.69465	
2	7.41291	
2	7.41291	
2	9.65595	
2	8.53443	
2	8.53443	
2	8.53443	
2	8.214	
2	8.214	
2	8.214	
2	7.73335	
2	8.69465	
2	9.1753	
2	9.81617	
2	9.81617	
2	10.7775	
2	11.7397	
2	12.3806	
2	10.9377	
2	12.0602	
2	11.2581	
2	10.2968	
2	10.1366	
2	9.49574	
2	7.09248	
2	9.49574	
2	8.37421	
2	7.73335	
2	7.73335	
2	7.57313	
2	6.29044	
2	7.57313	
2	7.73335	
2	9.01508	
2	9.97639	
2	9.1753	
2	9.65595	
2	9.49574	
2	8.85487	
2	8.05378	
2	9.01508	
2	5.80978	
2	7.25269	
2	6.9313	
2	7.09248	
2	6.45065	
2	6.45065	
2	7.41291	
2	6.9313	
2	7.41291	
2	7.73335	
2	8.69465	
2	10.1366	
2	8.214	
2	8.214	
2	8.214	
2	5.97	
2	5.97	
2	4.84848	
2	7.57313	
2	5.64957	
2	6.29044	
2	5.16891	
2	5.0087	
2	10.2968	
2	7.25269	
2	7.57313	
2	12.3806	
2	9.97639	
2	3.88718	
2	8.05378	
2	13.6623	
2	7.09248	
2	9.1753	
2	12.2204	
2	8.69465	
2	11.8999	
2	7.41291	
2	6.13022	
2	10.6173	
2	7.25269	
2	7.41291	
2	6.29044	
2	7.57313	
2	11.0979	
2	10.9377	
2	9.97639	
2	7.25269	
2	9.49574	
2	8.85487	
2	6.13022	
2	6.61087	
2	5.48935	
2	4.84848	
2	4.68826	
2	5.64957	
2	6.13022	
2	5.16891	
2	5.80978	
2	6.13022	
2	4.84848	
2	5.64957	
2	7.41291	
2	12.8613	
2	8.69465	
2	7.89356	
2	8.37421	
2	7.89356	
2	8.37421	
2	8.214	
2	7.57313	
2	8.214	
2	7.57313	
2	7.89356	
2	9.1753	
2	9.65595	
2	11.7397	
2	10.1366	
2	11.4183	
2	11.5786	
2	11.0979	
2	10.9377	
2	12.2204	
2	11.8999	
2	11.0979	
2	10.1366	
2	9.01508	
2	8.05378	
2	7.89356	
2	7.09248	
2	7.41291	
2	5.0087	
2	5.97	
2	6.45065	
2	6.9313	
2	5.0087	
2	8.53443	
2	11.5786	
2	12.8613	
2	8.85487	
2	6.77109	
2	9.33552	
2	10.7775	
2	14.6236	
2	11.8999	
2	5.80978	
2	6.77109	
2	6.9313	
2	6.61087	
2	5.48935	
2	8.85487	
2	4.68826	
2	6.29044	
2	8.214	
2	8.69465	
2	10.457	
2	8.37421	
2	9.01508	
2	8.214	
2	5.0087	
2	5.97	
2	6.13022	
2	5.16891	
2	5.97	
2	5.32913	
2	6.29044	
2	7.73335	
2	6.61087	
2	6.61087	
2	7.73335	
2	8.37421	
2	10.2968	
2	8.85487	
2	9.65595	
2	9.49574	
2	10.1366	
2	9.97639	
2	9.65595	
2	9.33552	
2	9.49574	
2	7.25269	
2	4.68826	
2	5.48935	
2	7.57313	
2	14.7839	
2	6.61087	
2	8.37421	
2	9.65595	
2	10.457	
2	13.5021	
2	8.53443	
2	9.1753	
2	8.69465	
2	7.41291	
2	8.85487	
2	5.64957	
2	5.16891	
2	6.13022	
2	1.48296	
2	3.24631	
2	4.36783	
2	3.24631	
2	8.85487	
2	4.52805	
2	5.48935	
2	7.73335	
2	9.65595	
2	8.37421	
2	7.41291	
2	8.53443	
2	11.2581	
2	6.29044	
2	8.53443	
2	5.80978	
2	9.33552	
2	7.57313	
2	6.61087	
2	7.73335	
2	7.89356	
2	6.45065	
2	8.37421	
2	9.81617	
2	7.25269	
2	15.5849	
2	9.65595	
2	11.2581	
2	15.1043	
2	15.9054	
2	9.01508	
2	13.0215	
2	7.89356	
2	11.7397	
2	8.53443	
2	7.73335	
2	7.41291	
2	7.25269	
2	6.9313	
2	6.9313	
2	7.73335	
2	8.53443	
2	9.1753	
2	8.85487	
2	8.37421	
2	9.33552	
2	8.69465	
2	8.53443	
2	8.69465	
2	5.97	
2	7.25269	
2	7.73335	
2	6.45065	
2	5.0087	
2	9.81617	
2	10.2968	
2	5.97	
2	10.6173	
2	9.49574	
2	9.1753	
2	13.1817	
2	12.3806	
2	7.57313	
2	5.48935	
2	9.01508	
2	5.48935	
2	6.45065	
2	5.80978	
2	5.48935	
2	5.80978	
2	4.52805	
2	5.64957	
2	7.41291	
2	5.97	
2	6.13022	
2	8.69465	
2	9.33552	
2	7.25269	
2	9.97639	
2	9.65595	
2	8.53443	
2	7.41291	
2	6.77109	
2	8.05378	
2	8.85487	
2	7.57313	
2	7.41291	
2	6.9313	
2	7.25269	
2	8.05378	
2	7.89356	
2	7.41291	
2	10.2968	
2	9.81617	
2	9.65595	
2	8.214	
2	9.1753	
2	7.73335	
2	7.57313	
2	6.77109	
2	5.32913	
2	5.0087	
2	2.76566	
2	5.48935	
2	4.52805	
2	8.53443	
2	9.1753	
2	3.88718	
2	1.64318	
2	3.88718	
2	6.13022	
2	10.9377	
2	10.6173	
2	13.3419	
2	12.2204	
2	7.25269	
2	8.53443	
2	8.53443	
2	8.214	
2	7.41291	
2	5.32913	
2	6.45065	
2	9.01508	
2	7.57313	
2	13.3419	
2	10.2968	
2	10.7775	
2	12.0602	
2	12.5408	
2	11.4183	
2	11.7397	
2	11.8999	
2	9.33552	
2	9.1753	
2	11.8999	
2	10.9377	
2	8.69465	
2	7.25269	
2	7.09248	
2	5.48935	
2	5.64957	
2	2.60544	
2	6.61087	
2	6.9313	
2	8.53443	
2	7.25269	
2	8.69465	
2	9.49574	
2	8.214	
2	8.05378	
2	8.53443	
2	10.6173	
2	7.25269	
3	6.9313	
3	7.41291	
3	7.89356	
3	7.25269	
3	7.09248	
3	6.9313	
3	7.25269	
3	8.214	
3	8.05378	
3	8.37421	
3	9.81617	
3	7.25269	
3	5.0087	
3	7.25269	
3	5.80978	
3	5.97	
3	6.9313	
3	6.45065	
3	5.0087	
3	5.32913	
3	5.48935	
3	9.1753	
3	7.57313	
3	6.61087	
3	7.41291	
3	7.57313	
3	11.0979	
3	8.37421	
3	7.57313	
3	10.1366	
3	5.48935	
3	8.53443	
3	9.49574	
3	8.69465	
3	12.3806	
3	13.8226	
3	11.8999	
3	10.6173	
3	13.0215	
3	5.64957	
3	7.73335	
3	7.09248	
3	9.65595	
3	8.05378	
3	10.457	
3	12.0602	
3	9.33552	
3	9.33552	
3	6.61087	
3	4.04739	
3	6.45065	
3	5.48935	
3	4.84848	
3	5.64957	
3	5.0087	
3	3.72696	
3	3.56674	
3	1.16253	
3	5.48935	
3	5.16891	
3	11.7397	
3	13.1817	
3	9.33552	
3	9.33552	
3	8.85487	
3	8.53443	
3	12.701	
3	11.8999	
3	14.3032	
3	5.48935	
3	5.97	
3	8.214	
3	8.214	
3	12.0602	
3	8.69465	
3	6.45065	
3	13.6623	
3	11.8999	
3	12.0602	
3	9.49574	
3	12.2204	
3	10.9377	
3	9.65595	
3	9.97639	
3	5.80978	
3	11.0979	
3	6.45065	
3	3.08609	
3	5.16891	
3	6.61087	
3	7.73335	
3	5.48935	
3	5.80978	
3	7.25269	
3	7.41291	
3	9.49574	
3	5.80978	
3	9.01508	
3	8.05378	
3	8.05378	
3	11.5786	
3	8.53443	
3	7.41291	
3	10.9377	
3	12.3806	
3	10.6173	
3	9.33552	
3	6.29044	
3	6.13022	
3	6.9313	
3	12.8613	
3	8.53443	
3	12.701	
3	16.0656	
3	4.20761	
3	8.214	
3	6.29044	
3	5.32913	
3	4.52805	
3	5.64957	
3	5.97	
3	6.29044	
3	6.29044	
3	6.13022	
3	10.2968	
3	11.8999	
3	7.25269	
3	8.05378	
3	10.2968	
3	9.97639	
3	12.0602	
3	9.49574	
3	14.143	
3	13.5021	
3	9.33552	
3	9.65595	
3	6.9313	
3	11.4183	
3	4.52805	
3	10.7775	
3	11.7397	
3	9.97639	
3	9.65595	
3	7.57313	
3	7.57313	
3	12.8613	
3	15.5849	
3	16.7074	
3	7.89356	
3	7.57313	
3	8.05378	
3	5.97	
3	5.80978	
3	3.72696	
3	5.48935	
3	7.57313	
3	10.1366	
3	9.01508	
3	6.77109	
3	4.68826	
3	5.16891	
3	4.20761	
3	9.65595	
3	11.5786	
3	8.05378	
3	11.4183	
3	6.77109	
3	7.41291	
3	11.7397	
3	7.09248	
3	7.73335	
3	7.89356	
3	7.41291	
3	7.89356	
3	6.77109	
3	9.49574	
3	9.1753	
3	9.01508	
3	13.5021	
3	9.81617	
3	8.53443	
3	12.5408	
3	9.49574	
3	9.01508	
3	9.97639	
3	9.81617	
3	9.01508	
3	11.8999	
3	7.41291	
3	11.4183	
3	9.01508	
3	10.7775	
3	4.20761	
3	10.2968	
3	9.01508	
3	6.61087	
3	10.9377	
3	8.85487	
3	12.701	
3	10.7775	
3	7.41291	
3	8.85487	
3	12.2204	
3	7.89356	
3	8.05378	
3	6.9313	
3	7.41291	
3	2.76566	
3	5.32913	
3	8.69465	
3	1.96362	
3	4.68826	
3	6.45065	
3	9.49574	
3	7.89356	
3	8.214	
3	4.52805	
3	9.01508	
3	8.53443	
3	6.45065	
3	3.88718	
3	5.64957	
3	8.37421	
3	9.65595	
3	5.97	
3	6.45065	
3	4.52805	
3	5.64957	
3	4.36783	
3	7.73335	
3	6.9313	
3	4.84848	
3	10.2968	
3	7.25269	
3	8.37421	
3	7.89356	
3	8.69465	
3	9.1753	
3	9.65595	
3	8.69465	
3	4.68826	
3	6.13022	
3	6.77109	
3	7.57313	
3	8.05378	
3	7.73335	
3	5.97	
3	10.9377	
3	12.5408	
3	10.1366	
3	10.1366	
3	45.2318	
3	54.0457	
3	53.0844	
3	48.5973	
3	41.7061	
3	36.7384	
3	39.3028	
3	34.174	
3	34.0137	
3	32.732	
3	31.7707	
3	33.3729	
3	24.8795	
3	30.9696	
3	28.4052	
3	26.3224	
3	23.1171	
3	20.874	
3	21.3547	
3	20.072	
3	26.803	
3	30.489	
3	26.9632	
3	25.0397	
3	21.5149	
3	14.9441	
3	17.6687	
3	17.3483	
3	16.0656	
3	19.7515	
3	14.4634	
3	21.9955	
3	18.3096	
3	13.3419	
3	12.3806	
3	9.01508	
3	9.97639	
3	14.9441	
3	19.5913	
3	16.7074	
3	14.4634	
3	10.6173	
3	7.89356	
3	8.69465	
3	10.7775	
3	15.2645	
3	15.9054	
3	17.5085	
3	11.4183	
3	6.9313	
3	5.16891	
3	6.77109	
3	7.25269	
3	13.5021	
3	15.2645	
3	14.7839	
3	12.3806	
3	11.5786	
3	7.25269	
3	6.45065	
3	5.97	
3	12.2204	
3	16.7074	
3	17.8289	
3	13.1817	
3	9.65595	
3	4.36783	
3	5.32913	
3	9.49574	
3	17.1881	
3	20.3924	
3	17.3483	
3	14.4634	
3	10.457	
3	6.29044	
3	8.05378	
3	9.81617	
3	13.5021	
3	13.5021	
3	14.7839	
3	12.2204	
3	8.05378	
3	5.64957	
3	6.77109	
3	9.01508	
3	13.0215	
3	11.7397	
3	13.5021	
3	7.89356	
3	5.80978	
3	5.97	
3	8.53443	
3	9.97639	
3	12.5408	
3	14.4634	
3	12.0602	
3	10.7775	
3	3.88718	
3	5.48935	
3	4.52805	
3	10.7775	
3	15.4247	
3	10.2968	
3	11.5786	
3	7.41291	
3	6.45065	
3	4.04739	
3	3.24631	
3	6.61087	
3	14.143	
3	15.2645	
3	14.6236	
3	6.13022	
3	2.60544	
3	6.77109	
3	6.13022	
3	13.9828	
3	15.9054	
3	16.0656	
3	11.7397	
3	9.49574	
3	8.214	
3	8.53443	
3	9.97639	
3	13.3419	
3	14.143	
3	15.7452	
3	8.69465	
3	1.64318	
3	4.52805	
3	8.05378	
3	9.49574	
3	12.701	
3	8.37421	
3	14.3032	
3	12.3806	
3	4.68826	
3	7.25269	
3	7.09248	
3	5.80978	
3	12.5408	
3	14.6236	
3	13.9828	
3	10.9377	
3	7.89356	
3	6.61087	
3	8.53443	
3	10.7775	
3	13.8226	
3	13.5021	
3	11.4183	
3	7.25269	
3	5.32913	
3	4.84848	
3	5.80978	
3	9.01508	
3	14.6236	
3	13.6623	
3	11.8999	
3	7.89356	
3	6.13022	
3	4.68826	
3	7.25269	
3	12.8613	
3	15.4247	
3	16.2268	
3	10.2968	
3	10.6173	
3	8.214	
3	6.77109	
3	7.89356	
3	11.8999	
3	15.1043	
3	17.0279	
3	14.4634	
3	5.97	
3	6.9313	
3	7.09248	
3	5.80978	
3	11.4183	
3	15.2645	
3	11.2581	
3	7.09248	
3	6.77109	
3	3.56674	
3	4.84848	
3	7.89356	
3	14.143	
3	13.1817	
3	13.9828	
3	12.701	
3	8.214	
3	6.29044	
3	6.13022	
3	8.214	
3	14.3032	
3	13.3419	
3	9.01508	
3	6.45065	
3	5.0087	
3	6.77109	
3	7.25269	
3	9.81617	
3	12.8613	
3	13.3419	
3	9.1753	
3	8.37421	
3	6.45065	
3	7.09248	
3	8.85487	
3	11.7397	
3	14.6236	
3	15.4247	
3	12.0602	
3	11.8999	
3	9.65595	
3	4.20761	
3	9.81617	
3	12.5408	
3	14.6236	
3	17.6687	
3	7.57313	
3	6.45065	
3	3.56674	
3	7.41291	
3	5.16891	
3	11.0979	
3	16.7074	
3	13.1817	
3	6.13022	
3	7.57313	
3	4.52805	
3	4.68826	
3	10.1366	
3	15.5849	
3	11.8999	
3	14.6236	
3	15.4247	
3	4.68826	
3	6.29044	
3	5.0087	
3	7.89356	
3	15.9054	
3	13.8226	
3	13.5021	
3	9.01508	
3	3.88718	
3	4.36783	
4	7.25269	
4	9.49574	
4	13.8226	
4	11.4183	
4	10.2968	
4	6.61087	
4	7.73335	
4	6.77109	
4	9.97639	
4	12.2204	
4	16.387	
4	15.2645	
4	15.1043	
4	11.8999	
4	9.97639	
4	8.53443	
4	9.81617	
4	13.8226	
4	17.8289	
4	14.6236	
4	13.3419	
4	7.57313	
4	6.45065	
4	6.9313	
4	9.01508	
4	13.9828	
4	13.3419	
4	12.701	
4	8.53443	
4	7.73335	
4	6.29044	
4	6.61087	
4	9.97639	
4	13.0215	
4	13.6623	
4	15.4247	
4	12.3806	
4	10.457	
4	2.60544	
4	7.57313	
4	8.53443	
4	13.8226	
4	14.143	
4	14.9441	
4	8.214	
4	6.13022	
4	7.09248	
4	8.05378	
4	9.49574	
4	13.1817	
4	12.8613	
4	13.1817	
4	9.49574	
4	7.25269	
4	7.57313	
4	9.1753	
4	13.8226	
4	14.9441	
4	16.5472	
4	16.0656	
4	10.457	
4	10.457	
4	9.49574	
4	7.41291	
4	9.65595	
4	16.5472	
4	16.8676	
4	10.7775	
4	6.61087	
4	6.13022	
4	6.13022	
4	6.45065	
4	10.9377	
4	17.3483	
4	14.9441	
4	10.2968	
4	7.89356	
4	6.9313	
4	7.41291	
4	12.5408	
4	12.2204	
4	12.3806	
4	12.3806	
4	8.85487	
4	8.214	
4	6.61087	
4	8.69465	
4	10.7775	
4	9.97639	
4	13.1817	
4	13.0215	
4	7.09248	
4	5.32913	
4	4.68826	
4	5.16891	
4	9.49574	
4	12.701	
4	13.9828	
4	14.3032	
4	10.6173	
4	8.53443	
4	4.36783	
4	8.214	
4	11.7397	
4	15.4247	
4	15.9054	
4	16.2268	
4	12.5408	
4	9.49574	
4	8.05378	
4	6.29044	
4	7.73335	
4	16.2268	
4	16.2268	
4	14.3032	
4	9.33552	
4	8.53443	
4	7.57313	
4	8.53443	
4	12.8613	
4	12.8613	
4	13.5021	
4	11.4183	
4	7.73335	
4	9.33552	
4	7.73335	
4	9.49574	
4	12.5408	
4	10.6173	
4	15.1043	
4	11.5786	
4	6.77109	
4	6.45065	
4	8.85487	
4	10.6173	
4	14.143	
4	13.3419	
4	12.8613	
4	6.45065	
4	7.25269	
4	6.61087	
4	5.64957	
4	10.1366	
4	9.49574	
4	14.3032	
4	13.3419	
4	7.09248	
4	6.13022	
4	8.05378	
4	4.68826	
4	10.7775	
4	14.7839	
4	14.9441	
4	15.7452	
4	14.143	
4	10.1366	
4	9.65595	
4	7.73335	
4	10.7775	
4	16.0656	
4	17.6687	
4	13.1817	
4	9.49574	
4	6.77109	
4	7.41291	
4	8.53443	
4	13.8226	
4	16.7074	
4	13.8226	
4	10.9377	
4	6.29044	
4	6.61087	
4	9.97639	
4	10.457	
4	12.701	
4	17.9892	
4	15.2645	
4	12.8613	
4	8.69465	
4	6.61087	
4	5.48935	
4	8.214	
4	13.1817	
4	12.8613	
4	12.8613	
4	9.49574	
4	6.13022	
4	6.61087	
4	6.9313	
4	8.85487	
4	14.6236	
4	13.1817	
4	13.5021	
4	12.3806	
4	6.61087	
4	6.77109	
4	10.2968	
4	12.5408	
4	15.4247	
4	16.387	
4	14.6236	
4	11.8999	
4	11.0979	
4	9.49574	
4	10.457	
4	9.01508	
4	15.5849	
4	16.387	
4	15.5849	
4	9.49574	
4	6.61087	
4	5.80978	
4	8.53443	
4	11.5786	
4	10.7775	
4	9.81617	
4	11.5786	
4	8.05378	
4	6.45065	
4	1.32275	
4	8.69465	
4	12.2204	
4	17.9892	
4	17.3483	
4	14.143	
4	9.81617	
4	6.61087	
4	8.214	
4	10.1366	
4	13.5021	
4	12.2204	
4	10.9377	
4	8.85487	
4	7.41291	
4	7.41291	
4	6.9313	
4	9.01508	
4	12.701	
4	12.0602	
4	13.9828	
4	10.2968	
4	4.68826	
4	3.88718	
4	6.45065	
4	11.0979	
4	16.5472	
4	15.9054	
4	17.6687	
4	13.5021	
4	10.2968	
4	10.457	
4	7.57313	
4	7.89356	
4	11.7397	
4	17.1881	
4	14.7839	
4	6.13022	
4	6.9313	
4	7.09248	
4	10.1366	
4	11.2581	
4	11.2581	
4	10.9377	
4	12.8613	
4	8.53443	
4	6.77109	
4	6.13022	
4	9.65595	
4	14.4634	
4	16.8676	
4	14.143	
4	10.2968	
4	6.29044	
4	7.25269	
4	8.69465	
4	9.01508	
4	13.8226	
4	15.5849	
4	14.7839	
4	10.457	
4	9.49574	
4	2.76566	
4	7.57313	
4	8.69465	
4	13.3419	
4	18.4698	
4	13.9828	
4	10.1366	
4	7.57313	
4	9.01508	
4	8.37421	
4	10.2968	
4	17.1881	
4	16.0656	
4	16.2268	
4	12.8613	
4	10.6173	
4	8.37421	
4	10.457	
4	11.0979	
4	14.4634	
4	15.2645	
4	15.7452	
4	11.2581	
4	8.53443	
4	6.61087	
4	8.05378	
4	8.85487	
4	15.1043	
4	14.4634	
4	10.457	
4	7.89356	
4	6.61087	
4	4.04739	
4	5.64957	
4	8.85487	
4	14.9441	
4	13.1817	
4	14.3032	
4	11.2581	
4	3.72696	
4	4.04739	
4	6.29044	
4	10.1366	
4	19.2709	
4	17.0279	
4	8.05378	
4	4.68826	
4	9.1753	
4	8.214	
4	5.64957	
4	8.85487	
4	13.8226	
4	11.4183	
4	13.5021	
4	4.36783	
4	4.04739	
4	8.05378	
4	8.05378	
4	12.701	
4	11.4183	
4	12.701	
4	10.2968	
4	7.25269	
4	9.33552	
4	6.61087	
4	7.89356	
4	12.3806	
4	13.3419	
4	12.5408	
4	10.2968	
4	6.29044	
4	6.77109	
4	7.41291	
4	9.65595	
4	11.7397	
4	13.1817	
4	13.1817	
4	8.53443	
4	8.214	
4	4.36783	
4	9.1753	
4	8.05378	
4	17.5085	
4	14.4634	
4	14.143	
4	9.33552	
4	7.41291	
4	6.61087	
4	6.77109	
4	8.85487	
4	12.8613	
4	11.2581	
4	8.53443	
4	4.84848	
4	7.73335	
4	5.32913	
4	6.29044	
4	8.69465	
4	14.143	
4	10.9377	
4	11.7397	
4	10.1366	
4	7.41291	
4	5.80978	
4	8.214	
4	12.2204	
4	12.0602	
4	15.9054	
4	10.457	
4	6.45065	
4	5.0087	
4	6.45065	
4	8.05378	
4	17.1881	
4	16.7074	
4	12.701	
4	9.33552	
4	5.0087	
4	3.88718	
4	4.20761	
4	10.1366	
4	11.2581	
4	10.7775	
4	9.97639	
4	9.33552	
4	4.84848	
4	3.88718	
4	8.69465	
4	12.5408	
4	12.5408	
4	12.3806	
4	11.7397	
4	12.2204	
4	8.05378	
4	6.9313	
4	10.457	
4	12.701	
4	18.7902	
4	11.0979	
4	8.85487	
4	4.52805	
4	4.36783	
4	4.68826	
4	5.80978	
4	8.69465	
4	16.8676	
4	16.0656	
4	8.69465	
4	7.41291	
4	3.08609	
4	4.52805	
4	8.05378	
4	17.8289	
4	11.2581	
4	13.3419	
4	11.0979	
4	10.6173	
4	5.80978	
4	8.69465	
4	10.7775	
4	13.9828	
4	16.7074	
4	16.387	
4	12.0602	
4	7.41291	
4	2.92587	
4	4.84848	
4	8.05378	
4	10.6173	
4	12.5408	
4	15.1043	
4	5.64957	
4	8.05378	
4	8.37421	
4	8.69465	
4	8.214	
4	14.6236	
4	13.9828	
4	14.143	
4	7.25269	
4	7.57313	
4	7.25269	
4	10.9377	
4	10.9377	
4	12.2204	
4	11.7397	
4	8.214	
4	7.73335	
4	7.89356	
4	3.24631	
4	6.61087	
4	9.81617	
4	14.7839	
4	15.2645	
4	12.8613	
4	5.97	
4	7.25269	
4	9.81617	
4	10.9377	
4	13.8226	
4	19.4311	
4	13.5021	
4	14.9441	
4	8.85487	
4	5.97	
4	9.49574	
4	7.73335	
4	11.0979	
4	15.4247	
4	13.3419	
4	12.2204	
4	8.69465	
4	6.45065	
4	7.25269	
4	9.97639	
4	15.1043	
4	9.97639	
4	11.0979	
4	5.80978	
4	5.80978	
5	5.80978	
5	11.2581	
5	7.25269	
5	16.2268	
5	17.1881	
5	10.2968	
5	11.7397	
5	7.89356	
5	5.97	
5	9.01508	
5	12.5408	
5	11.8999	
5	15.2645	
5	11.7397	
5	8.37421	
5	7.57313	
5	7.41291	
5	5.32913	
5	7.25269	
5	15.4247	
5	11.5786	
5	9.81617	
5	6.29044	
5	4.20761	
5	8.214	
5	11.8999	
5	11.5786	
5	15.4247	
5	13.5021	
5	14.3032	
5	3.72696	
5	10.6173	
5	5.80978	
5	7.41291	
5	11.4183	
5	10.7775	
5	16.5472	
5	13.0215	
5	8.85487	
5	6.45065	
5	3.40652	
5	6.61087	
5	10.7775	
5	9.1753	
5	11.4183	
5	9.65595	
5	5.16891	
5	3.72696	
5	8.85487	
5	8.69465	
5	11.8999	
5	13.0215	
5	11.5786	
5	8.69465	
5	8.85487	
5	7.25269	
5	6.29044	
5	8.53443	
5	13.0215	
5	13.9828	
5	10.6173	
5	36.7384	
5	46.1931	
5	46.9942	
5	44.2705	
5	48.5973	
5	51.9619	
5	43.148	
5	35.4567	
5	32.4116	
5	30.0083	
5	32.5718	
5	39.9437	
5	33.6933	
5	31.1298	
5	28.5654	
5	23.5977	
5	24.559	
5	34.3342	
5	26.6428	
5	20.3924	
5	18.63	
5	18.7902	
5	23.2773	
5	20.3924	
5	21.5149	
5	13.3419	
5	10.457	
5	18.1494	
5	25.5213	
5	19.9118	
5	13.9828	
5	7.89356	
5	13.8226	
5	19.1107	
5	17.1881	
5	11.4183	
5	6.9313	
5	6.77109	
5	14.143	
5	17.0279	
5	17.0279	
5	10.2968	
5	5.48935	
5	11.4183	
5	13.6623	
5	18.3096	
5	9.97639	
5	10.7775	
5	7.73335	
5	16.8676	
5	19.9118	
5	8.53443	
5	3.88718	
5	9.49574	
5	17.9892	
5	13.9828	
5	10.457	
5	4.20761	
5	7.89356	
5	15.4247	
5	19.5913	
5	9.49574	
5	2.92587	
5	4.84848	
5	15.1043	
5	16.5472	
5	7.89356	
5	3.56674	
5	2.12383	
5	13.6623	
5	15.5849	
5	13.1817	
5	7.57313	
5	7.25269	
5	13.9828	
5	13.6623	
5	12.701	
5	10.457	
5	7.41291	
5	8.37421	
5	17.9892	
5	18.63	
5	4.68826	
5	4.68826	
5	10.9377	
5	16.5472	
5	14.3032	
5	9.81617	
5	2.12383	
5	8.214	
5	23.5977	
5	13.6623	
5	9.81617	
5	5.16891	
5	5.64957	
5	18.4698	
5	15.7452	
5	4.20761	
5	5.0087	
5	4.04739	
5	13.5021	
5	13.9828	
5	9.33552	
5	6.45065	
5	9.1753	
5	13.8226	
5	14.4634	
5	13.3419	
5	5.97	
5	5.0087	
5	17.0279	
5	15.5849	
5	8.53443	
5	5.97	
5	8.53443	
5	10.1366	
5	16.0656	
5	9.1753	
5	4.04739	
5	1.96362	
5	13.3419	
5	14.6236	
5	14.4634	
5	8.214	
5	3.40652	
5	9.49574	
5	12.701	
5	10.7775	
5	1.32275	
5	2.12383	
5	7.89356	
5	12.0602	
5	9.81617	
5	6.77109	
5	4.36783	
5	8.37421	
5	15.5849	
5	11.2581	
5	4.84848	
5	3.88718	
5	11.7397	
5	12.8613	
5	13.5021	
5	4.04739	
5	1.00231	
5	5.97	
5	15.4247	
5	11.7397	
5	3.24631	
5	4.36783	
5	4.36783	
5	15.5849	
5	13.6623	
5	11.7397	
5	2.12383	
5	8.214	
5	14.7839	
5	12.3806	
5	6.45065	
5	4.36783	
5	4.84848	
5	16.2268	
5	16.7074	
5	7.25269	
5	6.13022	
5	6.13022	
5	13.8226	
5	15.5849	
5	12.701	
5	7.57313	
5	5.80978	
5	13.1817	
5	15.9054	
5	12.5408	
5	3.88718	
5	2.92587	
5	12.0602	
5	12.3806	
5	5.64957	
5	2.44522	
5	5.0087	
5	10.6173	
5	17.3483	
5	11.7397	
5	6.77109	
5	6.61087	
5	13.5021	
5	12.3806	
5	11.4183	
5	1.64318	
5	2.44522	
5	7.73335	
5	17.3483	
5	15.7452	
5	7.73335	
5	2.76566	
5	10.2968	
5	11.7397	
5	17.0279	
5	5.97	
5	8.37421	
5	12.3806	
5	17.8289	
5	15.2645	
5	7.41291	
5	5.48935	
5	9.33552	
5	14.4634	
5	10.457	
5	5.0087	
5	6.29044	
5	5.48935	
5	19.1107	
5	13.8226	
5	7.09248	
5	2.12383	
5	7.73335	
5	16.0656	
5	10.9377	
5	4.52805	
5	2.92587	
5	8.37421	
5	11.5786	
5	12.5408	
5	11.0979	
5	2.12383	
5	4.36783	
5	12.3806	
5	13.5021	
5	9.81617	
5	8.85487	
5	10.457	
5	15.9054	
5	19.1107	
5	16.0656	
5	6.9313	
5	5.16891	
5	11.7397	
5	11.0979	
5	10.7775	
5	8.214	
5	3.56674	
5	13.0215	
5	16.8676	
5	12.2204	
5	3.88718	
5	3.88718	
5	9.49574	
5	10.457	
5	10.457	
5	2.76566	
5	4.04739	
5	9.49574	
5	19.9118	
5	12.2204	
5	3.24631	
5	2.92587	
5	8.53443	
5	18.9505	
5	13.0215	
5	7.89356	
5	5.16891	
5	8.05378	
5	17.5085	
5	19.7515	
5	6.29044	
5	1.96362	
5	3.88718	
5	15.7452	
5	10.7775	
5	6.29044	
5	3.72696	
5	5.32913	
5	13.9828	
5	14.3032	
5	11.7397	
5	2.12383	
5	4.20761	
5	10.9377	
5	12.3806	
5	5.48935	
5	2.76566	
5	3.40652	
5	8.37421	
5	16.5472	
5	6.77109	
5	-1.24073	
5	7.57313	
5	9.33552	
5	14.143	
5	14.143	
5	5.32913	
5	8.37421	
5	9.33552	
5	15.1043	
5	9.65595	
5	2.44522	
5	2.76566	
5	9.33552	
5	9.1753	
5	13.5021	
5	5.97	
5	5.48935	
5	10.1366	
5	13.1817	
5	12.5408	
5	4.20761	
5	2.76566	
5	5.64957	
5	11.2581	
5	9.49574	
5	6.77109	
5	2.92587	
5	6.9313	
5	20.5526	
5	12.3806	
5	4.36783	
5	5.48935	
5	5.16891	
5	15.1043	
5	13.8226	
5	8.53443	
5	7.41291	
5	7.41291	
5	14.9441	
5	12.5408	
5	7.09248	
5	1.32275	
5	2.76566	
5	13.0215	
5	13.0215	
5	9.81617	
5	5.48935	
5	4.04739	
5	13.5021	
5	14.7839	
5	8.214	
5	2.28405	
5	5.64957	
5	12.8613	
5	15.1043	
5	10.1366	
5	2.60544	
5	4.04739	
5	10.6173	
5	13.5021	
5	8.37421	
5	2.28405	
5	5.0087	
5	9.81617	
5	17.3483	
5	12.2204	
5	6.29044	
5	5.80978	
5	13.1817	
5	15.1043	
5	13.5021	
5	5.0087	
5	1.16253	
5	6.13022	
5	8.53443	
5	8.85487	
5	4.20761	
5	3.24631	
5	7.09248	
5	12.0602	
5	12.3806	
5	5.0087	
5	1.00231	
5	5.48935	
5	10.6173	
5	9.97639	
5	2.60544	
5	6.61087	
5	6.13022	
5	15.1043	
5	12.3806	
5	4.68826	
5	0.52166	
5	5.64957	
5	18.7902	
5	14.6236	
5	8.69465	
5	4.84848	
5	7.09248	
5	18.3096	
5	15.4247	
5	13.0215	
5	1.00231	
5	6.77109	
5	11.2581	
5	12.8613	
5	9.81617	
5	9.49574	
5	4.68826	
5	13.3419	
5	14.9441	
5	9.65595	
5	1.32275	
5	3.40652	
5	9.81617	
5	16.7074	
5	12.0602	
5	2.76566	
5	3.40652	
5	9.65595	
5	13.1817	
5	11.4183	
5	1.48296	
5	2.28405	
5	10.7775	
5	13.9828	
5	12.8613	
5	7.25269	
5	6.61087	
5	10.7775	
5	14.4634	
5	17.0279	
5	3.56674	
5	0.842094	
5	6.29044	
5	15.7452	
5	9.49574	
5	10.6173	
5	6.9313	
5	6.61087	
5	17.1881	
5	13.0215	
5	4.04739	
5	1.64318	
5	5.80978	
5	15.2645	
5	10.1366	
5	3.88718	
5	2.44522	
5	4.84848	
5	13.8226	
5	12.8613	
6	4.84848	
6	0.52166	
6	5.80978	
6	13.9828	
6	17.0279	
6	9.65595	
6	4.84848	
6	6.9313	
6	13.3419	
6	14.9441	
6	8.05378	
6	4.84848	
6	3.56674	
6	10.7775	
6	11.7397	
6	6.29044	
6	3.24631	
6	4.04739	
6	10.7775	
6	11.8999	
6	8.05378	
6	4.36783	
6	6.29044	
6	12.8613	
6	12.5408	
6	7.09248	
6	5.64957	
6	5.48935	
6	10.9377	
6	14.4634	
6	8.85487	
6	1.96362	
6	5.32913	
6	9.01508	
6	16.0656	
6	15.5849	
6	6.61087	
6	7.57313	
6	9.01508	
6	13.0215	
6	9.97639	
6	1.8034	
6	2.12383	
6	5.80978	
6	14.143	
6	10.1366	
6	3.40652	
6	5.48935	
6	8.53443	
6	16.2268	
6	13.5021	
6	7.89356	
6	1.32275	
6	7.89356	
6	16.7074	
6	9.81617	
6	4.04739	
6	1.32275	
6	7.57313	
6	15.7452	
6	10.457	
6	9.33552	
6	0.842094	
6	3.56674	
6	15.5849	
6	14.9441	
6	9.97639	
6	5.48935	
6	10.2968	
6	16.7074	
6	14.3032	
6	9.01508	
6	2.60544	
6	2.92587	
6	9.97639	
6	12.3806	
6	7.41291	
6	3.24631	
6	3.24631	
6	9.81617	
6	13.0215	
6	12.8613	
6	3.24631	
6	2.60544	
6	8.37421	
6	12.0602	
6	7.57313	
6	8.69465	
6	3.08609	
6	7.73335	
6	9.1753	
6	9.65595	
6	2.44522	
6	2.60544	
6	8.37421	
6	11.8999	
6	13.8226	
6	7.41291	
6	4.68826	
6	9.01508	
6	12.8613	
6	12.8613	
6	4.84848	
6	2.44522	
6	5.48935	
6	15.2645	
6	12.5408	
6	5.32913	
6	2.12383	
6	5.64957	
6	14.6236	
6	13.5021	
6	6.9313	
6	3.72696	
6	6.13022	
6	13.5021	
6	11.0979	
6	4.20761	
6	5.16891	
6	2.76566	
6	10.1366	
6	15.4247	
6	9.97639	
6	1.00231	
6	1.16253	
6	12.3806	
6	13.5021	
6	13.6623	
6	8.214	
6	4.68826	
6	13.3419	
6	18.7902	
6	10.6173	
6	2.76566	
6	1.96362	
6	9.81617	
6	13.9828	
6	10.2968	
6	3.40652	
6	3.24631	
6	7.89356	
6	16.0656	
6	9.65595	
6	3.88718	
6	3.08609	
6	8.37421	
6	12.0602	
6	8.53443	
6	3.08609	
6	6.61087	
6	5.80978	
6	9.49574	
6	14.9441	
6	3.56674	
6	1.96362	
6	7.57313	
6	10.457	
6	13.6623	
6	7.57313	
6	4.20761	
6	7.09248	
6	16.2268	
6	14.3032	
6	5.80978	
6	1.48296	
6	4.84848	
6	11.4183	
6	11.4183	
6	10.457	
6	2.76566	
6	2.28405	
6	16.5472	
6	15.9054	
6	9.1753	
6	2.92587	
6	5.16891	
6	13.0215	
6	11.0979	
6	1.8034	
6	1.16253	
6	7.89356	
6	10.2968	
6	16.387	
6	9.65595	
6	2.28405	
6	4.04739	
6	11.5786	
6	14.3032	
6	11.4183	
6	6.77109	
6	4.52805	
6	10.2968	
6	14.6236	
6	11.2581	
6	6.45065	
6	3.72696	
6	9.1753	
6	11.4183	
6	8.37421	
6	3.72696	
6	5.97	
6	9.97639	
6	15.7452	
6	11.7397	
6	6.61087	
6	0.361443	
6	7.57313	
6	10.457	
6	12.0602	
6	5.97	
6	1.96362	
6	8.214	
6	19.9118	
6	10.9377	
6	6.77109	
6	5.16891	
6	6.13022	
6	20.072	
6	14.143	
6	7.25269	
6	3.56674	
6	4.84848	
6	14.4634	
6	17.5085	
6	9.01508	
6	1.48296	
6	7.73335	
6	15.5849	
6	15.1043	
6	8.53443	
6	4.20761	
6	3.56674	
6	12.3806	
6	16.7074	
6	11.2581	
6	3.56674	
6	7.41291	
6	10.9377	
6	12.5408	
6	8.53443	
6	3.72696	
6	5.32913	
6	13.5021	
6	16.387	
6	8.37421	
6	5.97	
6	5.80978	
6	13.5021	
6	17.0279	
6	10.6173	
6	4.04739	
6	2.76566	
6	10.6173	
6	16.7074	
6	13.6623	
6	2.44522	
6	5.16891	
6	6.61087	
6	9.33552	
6	11.7397	
6	5.16891	
6	4.36783	
6	10.1366	
6	12.8613	
6	11.5786	
6	9.1753	
6	5.16891	
6	6.45065	
6	10.457	
6	9.65595	
6	1.96362	
6	4.36783	
6	7.89356	
6	17.5085	
6	15.7452	
6	8.53443	
6	4.52805	
6	8.69465	
6	18.3096	
6	16.5472	
6	10.2968	
6	5.97	
6	9.1753	
6	12.701	
6	18.1494	
6	9.81617	
6	1.00231	
6	7.41291	
6	14.6236	
6	15.7452	
6	7.09248	
6	0.361443	
6	1.8034	
6	11.2581	
6	17.0279	
6	7.73335	
6	4.36783	
6	3.40652	
6	11.0979	
6	15.4247	
6	4.36783	
6	4.20761	
6	6.29044	
6	12.3806	
6	12.3806	
6	11.8999	
6	1.32275	
6	5.48935	
6	12.701	
6	16.5472	
6	10.1366	
6	2.76566	
6	4.36783	
6	7.73335	
6	13.5021	
6	11.8999	
6	1.00231	
6	4.84848	
6	6.13022	
6	12.5408	
6	11.8999	
6	5.48935	
6	5.0087	
6	7.25269	
6	10.6173	
6	13.0215	
6	7.73335	
6	4.36783	
6	9.1753	
6	19.1107	
6	9.33552	
6	5.32913	
6	5.32913	
6	8.53443	
6	17.5085	
6	15.5849	
6	5.80978	
6	3.08609	
6	6.29044	
6	13.8226	
6	13.0215	
6	6.77109	
6	10.457	
6	6.9313	
6	13.5021	
6	17.9892	
6	12.701	
6	4.04739	
6	4.20761	
6	14.4634	
6	11.5786	
6	5.16891	
6	4.04739	
6	4.36783	
6	12.3806	
6	17.1881	
6	9.1753	
6	5.0087	
6	6.45065	
6	9.65595	
6	10.6173	
6	8.85487	
6	2.28405	
6	3.24631	
6	11.5786	
6	16.0656	
6	12.2204	
6	5.48935	
6	2.76566	
6	8.05378	
6	15.1043	
6	13.9828	
6	5.0087	
6	7.73335	
6	9.65595	
6	13.8226	
6	15.2645	
6	4.84848	
6	4.52805	
6	8.69465	
6	17.6687	
6	10.1366	
6	2.76566	
6	5.64957	
6	9.01508	
6	19.4311	
6	13.0215	
6	5.80978	
6	5.48935	
6	9.01508	
6	13.3419	
6	42.0265	
6	40.5846	
6	47.6351	
6	46.1931	
6	51.0006	
6	44.7512	
6	36.8986	
6	33.5331	
6	42.0265	
6	36.8986	
6	35.1362	
6	30.1685	
6	32.2514	
6	32.0911	
6	32.5718	
6	19.1107	
6	23.1171	
6	34.3342	
6	25.6815	
6	17.0279	
6	17.1881	
6	31.1298	
6	25.8417	
6	14.9441	
6	15.2645	
6	27.4439	
6	20.874	
6	12.0602	
6	13.5021	
6	25.1999	
6	18.4698	
6	9.1753	
6	13.0215	
6	19.4311	
6	20.072	
6	11.8999	
6	14.9441	
6	21.5149	
6	16.5472	
6	5.97	
6	10.7775	
6	18.4698	
6	11.4183	
6	7.25269	
6	15.4247	
6	20.5526	
6	10.1366	
6	6.61087	
6	16.8676	
6	14.143	
6	5.48935	
6	7.25269	
6	20.072	
6	15.9054	
6	5.48935	
6	8.05378	
6	16.5472	
6	15.2645	
6	7.89356	
6	10.6173	
6	18.9505	
6	11.0979	
6	4.52805	
6	12.2204	
6	16.8676	
6	7.41291	
6	2.12383	
6	18.3096	
6	17.1881	
6	4.68826	
6	4.68826	
6	12.5408	
6	12.5408	
6	5.0087	
6	8.69465	
6	16.0656	
6	11.0979	
6	3.24631	
6	11.5786	
6	13.9828	
6	9.33552	
6	6.77109	
6	16.387	
6	18.9505	
6	6.29044	
6	5.64957	
6	18.1494	
6	13.5021	
6	5.16891	
6	6.29044	
6	15.7452	
6	12.701	
6	3.72696	
6	9.97639	
6	16.387	
6	7.09248	
6	4.20761	
6	13.6623	
6	17.0279	
6	3.40652	
6	3.56674	
6	17.6687	
6	16.5472	
6	8.69465	
6	5.16891	
6	17.5085	
6	14.4634	
6	3.88718	
6	8.53443	
6	14.143	
7	6.9313	
7	3.88718	
7	13.6623	
7	18.1494	
7	6.45065	
7	6.29044	
7	16.7074	
7	13.6623	
7	4.68826	
7	5.0087	
7	20.3924	
7	12.5408	
7	3.24631	
7	5.97	
7	17.5085	
7	12.8613	
7	6.77109	
7	14.3032	
7	19.4311	
7	2.60544	
7	2.76566	
7	13.9828	
7	14.6236	
7	5.32913	
7	6.9313	
7	13.5021	
7	10.7775	
7	4.36783	
7	7.89356	
7	14.3032	
7	7.09248	
7	3.88718	
7	10.9377	
7	17.8289	
7	6.77109	
7	3.56674	
7	14.9441	
7	17.8289	
7	9.01508	
7	7.09248	
7	15.1043	
7	15.5849	
7	4.36783	
7	6.9313	
7	14.143	
7	10.2968	
7	0.681877	
7	10.9377	
7	18.3096	
7	5.80978	
7	2.76566	
7	13.3419	
7	10.9377	
7	0.201225	
7	5.32913	
7	18.1494	
7	12.8613	
7	3.56674	
7	5.48935	
7	14.3032	
7	12.3806	
7	6.61087	
7	11.5786	
7	19.4311	
7	11.5786	
7	3.88718	
7	12.3806	
7	16.0656	
7	6.77109	
7	3.88718	
7	13.8226	
7	16.5472	
7	4.36783	
7	6.77109	
7	15.4247	
7	9.81617	
7	4.04739	
7	9.65595	
7	16.7074	
7	3.72696	
7	1.96362	
7	12.701	
7	17.0279	
7	9.81617	
7	11.8999	
7	17.6687	
7	17.1881	
7	5.32913	
7	5.80978	
7	18.1494	
7	10.1366	
7	0.842094	
7	8.69465	
7	17.0279	
7	10.2968	
7	3.24631	
7	10.9377	
7	14.9441	
7	5.0087	
7	3.08609	
7	13.9828	
7	16.2268	
7	4.52805	
7	6.29044	
7	20.7129	
7	15.2645	
7	7.41291	
7	10.7775	
7	19.4311	
7	7.09248	
7	-2.68364	
7	9.49574	
7	15.9054	
7	7.73335	
7	4.68826	
7	16.0656	
7	17.5085	
7	2.12383	
7	6.9313	
7	15.5849	
7	10.9377	
7	5.48935	
7	8.37421	
7	15.5849	
7	11.2581	
7	3.08609	
7	10.2968	
7	17.5085	
7	7.73335	
7	5.16891	
7	11.4183	
7	18.7902	
7	6.61087	
7	4.52805	
7	17.3483	
7	13.1817	
7	4.84848	
7	7.09248	
7	16.8676	
7	11.2581	
7	2.12383	
7	9.01508	
7	16.0656	
7	8.05378	
7	4.20761	
7	9.81617	
7	17.1881	
7	6.29044	
7	4.68826	
7	14.9441	
7	14.9441	
7	4.20761	
7	9.1753	
7	16.5472	
7	14.6236	
7	4.52805	
7	8.53443	
7	15.1043	
7	3.24631	
7	2.76566	
7	8.37421	
7	18.1494	
7	7.25269	
7	5.0087	
7	16.2268	
7	13.8226	
7	4.52805	
7	6.61087	
7	21.1945	
7	11.5786	
7	1.8034	
7	8.53443	
7	17.3483	
7	13.1817	
7	6.77109	
7	13.8226	
7	19.5913	
7	7.89356	
7	4.52805	
7	11.7397	
7	13.8226	
7	5.48935	
7	5.97	
7	20.874	
7	11.5786	
7	4.36783	
7	7.73335	
7	16.0656	
7	8.53443	
7	2.60544	
7	8.69465	
7	17.1881	
7	8.214	
7	3.72696	
7	15.1043	
7	17.5085	
7	9.1753	
7	8.05378	
7	20.3924	
7	14.3032	
7	3.08609	
7	6.61087	
7	14.3032	
7	10.2968	
7	4.68826	
7	10.9377	
7	18.1494	
7	9.65595	
7	4.04739	
7	11.4183	
7	13.1817	
7	4.68826	
7	0.201225	
7	17.9892	
7	14.6236	
7	4.04739	
7	7.57313	
7	15.4247	
7	14.4634	
7	4.84848	
7	10.1366	
7	20.072	
7	11.4183	
7	3.72696	
7	12.3806	
7	16.2268	
7	5.48935	
7	4.84848	
7	17.8289	
7	14.3032	
7	3.24631	
7	5.32913	
7	14.4634	
7	10.9377	
7	4.20761	
7	9.01508	
7	16.5472	
7	9.65595	
7	3.24631	
7	10.7775	
7	16.2268	
7	10.1366	
7	7.57313	
7	17.1881	
7	17.3483	
7	5.64957	
7	5.80978	
7	19.5913	
7	7.09248	
7	0.52166	
7	7.73335	
7	13.0215	
7	11.7397	
7	4.04739	
7	11.7397	
7	15.5849	
7	5.64957	
7	4.36783	
7	14.9441	
7	14.143	
7	3.56674	
7	5.64957	
7	20.072	
7	15.5849	
7	7.25269	
7	9.65595	
7	18.7902	
7	12.5408	
7	3.56674	
7	8.05378	
7	14.6236	
7	7.57313	
7	5.16891	
7	15.2645	
7	17.6687	
7	6.13022	
7	5.97	
7	18.9505	
7	12.3806	
7	2.60544	
7	5.97	
7	14.7839	
7	11.0979	
7	3.40652	
7	10.457	
7	17.5085	
7	12.3806	
7	6.45065	
7	15.2645	
7	16.8676	
7	5.0087	
7	4.36783	
7	15.7452	
7	13.6623	
7	5.16891	
7	6.77109	
7	16.0656	
7	13.6623	
7	4.04739	
7	3.72696	
7	14.9441	
7	7.57313	
7	4.68826	
7	12.701	
7	16.7074	
7	5.97	
7	4.68826	
7	16.7074	
7	15.9054	
7	6.29044	
7	7.25269	
7	15.9054	
7	14.7839	
7	3.88718	
7	8.05378	
7	15.7452	
7	9.01508	
7	5.0087	
7	12.701	
7	16.0656	
7	6.13022	
7	4.52805	
7	15.5849	
7	13.0215	
7	4.52805	
7	3.24631	
7	20.2322	
7	13.3419	
7	3.56674	
7	6.13022	
7	15.5849	
7	12.8613	
7	6.9313	
7	13.8226	
7	19.4311	
7	8.37421	
7	3.72696	
7	13.8226	
7	15.4247	
7	3.56674	
7	4.68826	
7	19.9118	
7	15.4247	
7	4.20761	
7	2.44522	
7	15.4247	
7	8.53443	
7	4.36783	
7	9.97639	
7	15.7452	
7	0.361443	
7	3.24631	
7	14.9441	
7	17.6687	
7	9.1753	
7	8.214	
7	20.5526	
7	16.8676	
7	4.36783	
7	4.20761	
7	13.0215	
7	10.7775	
7	4.36783	
7	10.9377	
7	17.9892	
7	9.49574	
7	4.20761	
7	12.8613	
7	15.1043	
7	3.40652	
7	3.88718	
7	17.5085	
7	14.4634	
7	3.72696	
7	7.25269	
7	15.2645	
7	14.4634	
7	7.41291	
7	11.2581	
7	17.8289	
7	8.37421	
7	3.08609	
7	11.4183	
7	16.2268	
7	6.61087	
7	5.16891	
7	17.6687	
7	16.387	
7	1.48296	
7	4.68826	
7	13.1817	
7	11.2581	
7	4.36783	
7	8.53443	
7	13.0215	
7	10.1366	
7	3.40652	
7	12.2204	
7	17.9892	
7	7.73335	
7	5.80978	
7	16.7074	
7	17.6687	
7	5.80978	
7	6.29044	
7	19.2709	
7	11.5786	
7	5.16891	
7	8.69465	
7	15.4247	
7	9.97639	
7	3.88718	
7	10.9377	
7	9.65595	
7	5.80978	
7	4.36783	
7	14.6236	
7	16.2268	
7	4.36783	
7	4.36783	
7	17.9892	
7	15.5849	
7	7.57313	
7	9.65595	
7	18.7902	
7	13.1817	
7	3.56674	
7	9.1753	
7	16.5472	
7	5.80978	
7	2.92587	
7	14.143	
7	16.5472	
7	6.61087	
7	5.64957	
7	18.7902	
7	12.5408	
7	4.36783	
7	6.9313	
7	13.5021	
7	9.81617	
7	2.60544	
7	10.457	
7	18.3096	
7	11.5786	
7	6.9313	
7	14.9441	
7	19.2709	
7	5.80978	
7	2.28405	
7	14.3032	
7	13.1817	
7	5.0087	
7	7.25269	
7	15.1043	
7	13.5021	
7	3.88718	
7	9.1753	
7	16.5472	
7	5.80978	
7	-0.920296	
7	12.701	
7	16.7074	
7	6.29044	
7	4.68826	
7	16.7074	
7	16.7074	
7	7.89356	
7	8.53443	
7	14.7839	
7	13.1817	
7	3.72696	
7	8.214	
7	15.2645	
7	8.85487	
7	4.20761	
7	12.2204	
7	17.8289	
7	7.41291	
7	2.76566	
7	13.9828	
7	13.3419	
7	4.52805	
7	6.13022	
7	20.072	
7	13.3419	
7	3.24631	
7	8.53443	
7	17.0279	
7	7.57313	
7	5.0087	
7	12.8613	
7	19.2709	
7	8.69465	
7	4.20761	
7	14.143	
7	15.1043	
7	5.64957	
7	5.97	
8	17.6687	
8	13.9828	
8	4.52805	
8	7.73335	
8	15.1043	
8	9.01508	
8	3.56674	
8	9.81617	
8	16.7074	
8	7.73335	
8	1.64318	
8	12.5408	
8	17.5085	
8	9.01508	
8	8.05378	
8	19.7515	
8	16.387	
8	4.84848	
8	6.29044	
8	13.1817	
8	8.53443	
8	2.76566	
8	10.1366	
8	17.5085	
8	9.33552	
8	4.20761	
8	12.8613	
8	15.2645	
8	5.32913	
8	1.16253	
8	14.9441	
8	13.8226	
8	5.16891	
8	6.45065	
8	14.7839	
8	14.6236	
8	7.41291	
8	11.8999	
8	19.4311	
8	11.0979	
8	1.00231	
8	9.49574	
8	16.0656	
8	7.09248	
8	5.0087	
8	17.6687	
8	16.0656	
8	5.48935	
8	3.24631	
8	12.2204	
8	9.1753	
8	5.80978	
8	8.37421	
8	16.8676	
8	9.33552	
8	-1.56116	
8	12.0602	
8	17.9892	
8	9.81617	
8	7.89356	
8	15.5849	
8	16.2268	
8	4.20761	
8	4.04739	
8	18.9505	
8	11.5786	
8	5.16891	
8	4.68826	
8	16.8676	
8	11.7397	
8	1.96362	
8	9.33552	
8	15.2645	
8	7.25269	
8	4.68826	
8	14.7839	
8	16.387	
8	4.84848	
8	5.32913	
8	19.4311	
8	13.9828	
8	5.97	
8	9.81617	
8	18.63	
8	13.1817	
8	3.88718	
8	9.97639	
8	16.8676	
8	6.9313	
8	3.88718	
8	12.8613	
8	16.2268	
8	6.13022	
8	5.48935	
8	14.7839	
8	11.2581	
8	4.52805	
8	8.85487	
8	14.6236	
8	11.7397	
8	1.64318	
8	7.89356	
8	17.5085	
8	11.5786	
8	6.77109	
8	15.4247	
8	19.4311	
8	6.77109	
8	4.20761	
8	15.9054	
8	11.8999	
8	3.72696	
8	6.9313	
8	14.9441	
8	13.3419	
8	3.88718	
8	9.1753	
8	16.2268	
8	8.05378	
8	4.36783	
8	10.1366	
8	15.7452	
8	5.97	
8	4.52805	
8	16.387	
8	17.0279	
8	8.214	
8	8.85487	
8	15.5849	
8	14.4634	
8	1.64318	
8	5.97	
8	14.9441	
8	8.05378	
8	4.20761	
8	12.2204	
8	17.8289	
8	7.89356	
8	5.16891	
8	15.5849	
8	12.0602	
8	3.08609	
8	5.97	
8	20.072	
8	13.3419	
8	3.56674	
8	8.214	
8	17.0279	
8	13.1817	
8	6.77109	
8	11.4183	
8	18.63	
8	8.05378	
8	4.04739	
8	13.0215	
8	15.2645	
8	5.64957	
8	6.45065	
8	16.7074	
8	14.9441	
8	33.8535	
8	45.0716	
8	47.4749	
8	44.2705	
8	39.1426	
8	46.9942	
8	42.8276	
8	32.2514	
8	34.4954	
8	37.3793	
8	33.6933	
8	29.5267	
8	42.5072	
8	34.8158	
8	22.6364	
8	29.8471	
8	29.8471	
8	20.3924	
8	23.5977	
8	28.8858	
8	16.0656	
8	16.2268	
8	25.3611	
8	16.8676	
8	15.1043	
8	21.6751	
8	17.3483	
8	11.7397	
8	19.9118	
8	20.7129	
8	11.7397	
8	26.1621	
8	20.3924	
8	9.1753	
8	21.3547	
8	16.2268	
8	8.85487	
8	22.316	
8	19.2709	
8	7.09248	
8	15.9054	
8	15.1043	
8	6.61087	
8	17.1881	
8	17.1881	
8	4.84848	
8	16.387	
8	19.2709	
8	9.1753	
8	18.3096	
8	17.1881	
8	3.24631	
8	13.1817	
8	15.5849	
8	5.64957	
8	15.7452	
8	17.9892	
8	4.52805	
8	14.143	
8	15.7452	
8	2.12383	
8	12.5408	
8	16.0656	
8	3.08609	
8	14.3032	
8	17.3483	
8	7.73335	
8	16.7074	
8	18.7902	
8	3.72696	
8	10.1366	
8	12.5408	
8	4.20761	
8	15.2645	
8	17.1881	
8	3.72696	
8	13.8226	
8	14.3032	
8	4.04739	
8	14.143	
8	12.5408	
8	1.00231	
8	13.8226	
8	16.5472	
8	7.09248	
8	17.5085	
8	17.0279	
8	3.24631	
8	14.3032	
8	13.5021	
8	1.96362	
8	15.1043	
8	15.2645	
8	3.72696	
8	15.7452	
8	13.0215	
8	3.88718	
8	16.5472	
8	13.3419	
8	2.60544	
8	14.143	
8	13.3419	
8	6.29044	
8	19.7515	
8	15.2645	
8	3.40652	
8	16.5472	
8	11.4183	
8	4.52805	
8	19.1107	
8	11.5786	
8	1.8034	
8	18.4698	
8	10.7775	
8	3.72696	
8	19.4311	
8	11.7397	
8	2.60544	
8	20.072	
8	13.6623	
8	4.36783	
8	15.7452	
8	13.5021	
8	4.04739	
8	19.2709	
8	10.1366	
8	4.68826	
8	14.3032	
8	11.8999	
8	3.72696	
8	11.7397	
8	7.57313	
8	3.88718	
8	21.9955	
8	9.97639	
8	3.72696	
8	15.1043	
8	12.2204	
8	7.25269	
8	17.9892	
8	8.37421	
8	1.64318	
8	13.1817	
8	8.69465	
8	5.48935	
8	16.8676	
8	9.97639	
8	4.68826	
8	14.9441	
8	7.41291	
8	2.60544	
8	15.1043	
8	7.89356	
8	4.36783	
8	17.0279	
8	11.0979	
8	8.37421	
8	19.7515	
8	9.1753	
8	4.36783	
8	13.5021	
8	5.48935	
8	5.97	
8	18.3096	
8	8.37421	
8	5.64957	
8	16.387	
8	6.45065	
8	5.64957	
8	17.3483	
8	3.72696	
8	3.56674	
8	17.3483	
8	9.97639	
8	9.65595	
8	20.874	
8	7.25269	
8	5.48935	
8	16.2268	
8	6.45065	
8	4.36783	
8	17.5085	
8	6.29044	
8	6.61087	
8	16.7074	
8	5.16891	
8	6.9313	
8	17.8289	
8	5.0087	
8	6.9313	
8	15.9054	
8	6.29044	
8	10.6173	
8	20.5526	
8	6.45065	
8	7.25269	
8	16.387	
8	5.32913	
8	9.1753	
8	18.63	
8	2.60544	
8	6.45065	
8	16.2268	
8	4.84848	
8	8.53443	
8	17.6687	
8	3.56674	
8	9.33552	
8	17.8289	
8	7.57313	
8	10.1366	
8	17.9892	
8	4.20761	
8	9.01508	
8	16.0656	
8	5.16891	
8	10.7775	
8	17.8289	
8	4.04739	
8	10.457	
8	12.8613	
8	2.44522	
8	10.457	
8	16.7074	
8	2.76566	
8	11.0979	
8	17.1881	
8	6.9313	
8	15.1043	
8	18.4698	
8	1.16253	
8	8.53443	
8	14.6236	
8	4.52805	
8	13.6623	
8	17.1881	
8	3.56674	
8	12.5408	
8	14.7839	
8	3.72696	
8	10.9377	
8	13.6623	
8	2.12383	
8	13.3419	
8	16.387	
8	6.61087	
8	16.8676	
8	16.8676	
8	3.40652	
8	13.0215	
8	11.4183	
8	2.12383	
8	16.2268	
8	15.7452	
8	3.24631	
8	15.2645	
8	12.701	
8	3.88718	
8	16.387	
8	13.6623	
8	0.201225	
8	13.8226	
8	14.4634	
8	6.61087	
8	19.4311	
8	15.7452	
8	3.24631	
8	16.0656	
8	11.5786	
8	4.20761	
8	17.0279	
8	11.8999	
8	3.40652	
8	18.63	
8	10.6173	
8	3.40652	
8	19.2709	
8	11.5786	
8	2.76566	
8	19.5913	
8	11.2581	
8	4.68826	
8	15.1043	
8	12.701	
8	3.40652	
8	18.7902	
8	9.81617	
8	4.84848	
8	14.3032	
8	11.5786	
8	1.48296	
8	13.1817	
8	9.01508	
8	3.72696	
8	13.6623	
8	9.49574	
8	3.56674	
8	15.1043	
8	11.4183	
8	7.41291	
8	16.7074	
8	8.53443	
8	3.40652	
8	14.143	
8	8.214	
8	5.80978	
8	17.5085	
8	9.65595	
8	4.52805	
8	15.5849	
8	5.16891	
8	2.92587	
8	16.2268	
8	7.73335	
8	4.84848	
8	16.8676	
8	10.2968	
8	8.214	
8	20.072	
8	8.85487	
8	2.44522	
8	14.3032	
8	6.9313	
8	6.77109	
8	18.4698	
8	7.73335	
8	5.80978	
8	16.2268	
8	5.97	
8	6.13022	
8	15.7452	
8	4.04739	
8	5.64957	
8	17.9892	
8	9.01508	
8	9.33552	
8	20.7129	
8	6.61087	
8	6.13022	
8	16.0656	
8	3.24631	
9	5.80978	
9	18.9505	
9	5.97	
9	6.77109	
9	16.2268	
9	5.16891	
9	7.57313	
9	17.9892	
9	4.04739	
9	5.48935	
9	16.2268	
9	7.57313	
9	11.2581	
9	20.5526	
9	5.32913	
9	7.73335	
9	16.387	
9	5.48935	
9	9.49574	
9	16.387	
9	2.76566	
9	8.69465	
9	15.9054	
9	4.68826	
9	9.81617	
9	17.3483	
9	3.08609	
9	9.97639	
9	17.5085	
9	4.36783	
9	11.5786	
9	18.4698	
9	4.20761	
9	9.81617	
9	15.7452	
9	4.68826	
9	12.2204	
9	17.5085	
9	4.04739	
9	9.01508	
9	13.0215	
9	3.72696	
9	12.3806	
9	16.2268	
9	2.60544	
9	12.2204	
9	16.8676	
9	6.45065	
9	15.4247	
9	15.4247	
9	1.48296	
9	11.2581	
9	14.143	
9	4.68826	
9	15.4247	
9	16.387	
9	3.40652	
9	14.6236	
9	13.8226	
9	1.32275	
9	12.8613	
9	14.143	
9	2.12383	
9	14.7839	
9	15.7452	
9	6.13022	
9	18.1494	
9	16.0656	
9	2.76566	
9	11.7397	
9	10.7775	
9	3.72696	
9	18.3096	
9	14.9441	
9	3.24631	
9	17.1881	
9	11.5786	
9	3.24631	
9	18.3096	
9	9.81617	
9	0.842094	
9	17.8289	
9	13.9828	
9	6.61087	
9	22.316	
9	14.143	
9	3.24631	
9	17.9892	
9	10.6173	
9	1.96362	
9	19.2709	
9	12.701	
9	4.04739	
9	13.1817	
9	9.65595	
9	3.72696	
9	21.9955	
9	10.457	
9	2.92587	
9	13.1817	
9	10.9377	
9	6.9313	
9	17.6687	
9	11.0979	
9	3.24631	
9	12.8613	
9	9.33552	
9	5.32913	
9	17.1881	
9	7.73335	
9	2.76566	
9	14.9441	
9	7.41291	
9	4.68826	
9	16.2268	
9	8.37421	
9	4.20761	
9	16.387	
9	10.1366	
9	5.32913	
9	18.63	
9	8.37421	
9	4.36783	
9	15.4247	
9	7.73335	
9	6.29044	
9	18.9505	
9	7.73335	
9	5.64957	
9	14.143	
9	4.68826	
9	5.32913	
9	17.5085	
9	6.45065	
9	5.64957	
9	17.8289	
9	9.33552	
9	9.1753	
9	19.9118	
9	4.36783	
9	3.56674	
9	16.0656	
9	5.64957	
9	7.57313	
9	19.2709	
9	6.61087	
9	7.09248	
9	16.5472	
9	5.16891	
9	4.84848	
9	17.0279	
9	4.20761	
9	7.41291	
9	18.3096	
9	7.89356	
9	10.9377	
9	20.5526	
9	5.48935	
9	7.41291	
9	14.143	
9	3.24631	
9	9.01508	
9	19.2709	
9	4.84848	
9	9.01508	
9	16.0656	
9	4.84848	
9	9.01508	
9	16.8676	
9	1.16253	
9	7.41291	
9	17.5085	
9	7.25269	
9	13.0215	
9	19.4311	
9	4.20761	
9	9.49574	
9	15.9054	
9	4.52805	
9	9.49574	
9	16.387	
9	3.72696	
9	11.2581	
9	14.9441	
9	3.88718	
9	12.0602	
9	15.9054	
9	2.76566	
9	12.0602	
9	14.6236	
9	4.68826	
9	15.2645	
9	17.8289	
9	3.24631	
9	12.0602	
9	14.143	
9	4.36783	
9	15.5849	
9	16.2268	
9	1.48296	
9	11.8999	
9	13.8226	
9	3.56674	
9	14.7839	
9	14.9441	
9	2.44522	
9	14.4634	
9	15.4247	
9	6.29044	
9	15.5849	
9	14.6236	
9	2.76566	
9	14.4634	
9	12.5408	
9	3.88718	
9	18.3096	
9	14.9441	
9	3.56674	
9	16.8676	
9	8.85487	
9	1.8034	
9	17.8289	
9	12.8613	
9	2.92587	
9	17.9892	
9	14.143	
9	6.45065	
9	21.9955	
9	13.8226	
9	0.681877	
9	15.7452	
9	9.97639	
9	4.52805	
9	21.9955	
9	12.8613	
9	3.88718	
9	12.8613	
9	9.65595	
9	3.56674	
9	19.4311	
9	9.01508	
9	3.08609	
9	14.3032	
9	12.2204	
9	7.25269	
9	17.1881	
9	11.0979	
9	3.08609	
9	13.1817	
9	6.61087	
9	3.08609	
9	17.0279	
9	9.97639	
9	4.84848	
9	14.9441	
9	8.05378	
9	4.36783	
9	16.2268	
9	8.37421	
9	1.8034	
9	15.2645	
9	10.2968	
9	8.05378	
9	19.7515	
9	9.01508	
9	4.52805	
9	15.7452	
9	7.73335	
9	6.45065	
9	16.7074	
9	6.45065	
9	5.32913	
9	16.2268	
9	6.61087	
9	5.97	
9	17.1881	
9	5.80978	
9	5.48935	
9	17.5085	
9	6.9313	
9	7.09248	
9	19.9118	
9	6.9313	
9	5.64957	
9	16.387	
9	5.97	
9	7.41291	
9	19.2709	
9	6.29044	
9	4.68826	
9	14.6236	
9	5.0087	
9	7.41291	
9	17.6687	
9	4.36783	
9	7.57313	
9	18.1494	
9	7.89356	
9	11.2581	
9	18.3096	
9	3.24631	
9	7.09248	
9	16.2268	
9	5.16891	
9	9.65595	
9	18.63	
9	5.16891	
9	8.85487	
9	15.7452	
9	2.28405	
9	7.89356	
9	17.1881	
9	3.72696	
9	9.65595	
9	17.8289	
9	7.09248	
9	13.6623	
9	19.2709	
9	4.04739	
9	7.09248	
9	13.6623	
9	4.36783	
9	12.3806	
9	17.8289	
9	4.20761	
9	11.4183	
9	14.6236	
9	3.88718	
9	12.2204	
9	13.8226	
9	1.00231	
9	12.3806	
9	16.5472	
9	6.29044	
9	15.9054	
9	17.6687	
9	3.40652	
9	12.3806	
9	13.8226	
9	1.48296	
9	13.1817	
9	16.5472	
9	3.56674	
9	15.2645	
9	13.6623	
9	3.88718	
9	15.4247	
9	14.143	
9	2.28405	
9	12.701	
9	13.3419	
9	5.48935	
9	17.9892	
9	16.0656	
9	3.08609	
9	15.1043	
9	12.3806	
9	4.04739	
9	18.7902	
9	12.0602	
9	1.64318	
9	17.0279	
9	10.7775	
9	3.72696	
9	18.9505	
9	12.3806	
9	2.60544	
9	19.1107	
9	13.6623	
9	4.36783	
9	20.874	
9	13.6623	
9	3.24631	
9	19.1107	
9	9.81617	
9	4.52805	
9	14.4634	
9	12.2204	
9	4.20761	
9	11.7397	
9	7.57313	
9	3.72696	
9	13.8226	
9	9.65595	
9	3.40652	
9	14.7839	
9	11.8999	
9	7.41291	
9	18.1494	
9	7.73335	
9	1.48296	
9	13.6623	
9	8.69465	
9	5.80978	
9	17.5085	
9	9.33552	
9	5.32913	
9	15.5849	
9	7.25269	
9	2.12383	
9	15.4247	
9	7.25269	
9	4.36783	
9	17.0279	
9	10.1366	
9	8.53443	
9	20.072	
9	8.37421	
9	4.36783	
9	13.3419	
9	4.68826	
9	6.29044	
9	19.1107	
9	7.89356	
9	5.80978	
9	16.387	
9	5.64957	
9	5.97	
9	17.8289	
9	3.40652	
9	4.20761	
9	17.5085	
9	8.53443	
9	10.1366	
9	20.7129	
9	6.45065	
9	6.29044	
9	16.5472	
9	5.48935	
9	5.48935	
9	17.9892	
9	5.48935	
9	7.89356	
9	16.5472	
9	4.84848	
9	7.73335	
9	17.5085	
9	4.20761	
9	8.05378	
9	15.7452	
9	5.80978	
9	11.0979	
9	20.072	
9	4.84848	
9	8.53443	
9	16.0656	
9	5.16891	
9	10.7775	
9	18.1494	
9	2.12383	
9	7.89356	
9	14.9441	
9	4.36783	
9	9.81617	
9	17.1881	
9	3.08609	
9	10.457	
9	17.3483	
9	6.61087	
9	11.4183	
9	17.1881	
9	3.40652	
9	10.457	
9	15.2645	
9	4.68826	
9	12.701	
9	17.1881	
9	3.88718	
9	12.0602	
9	11.7397	
9	1.8034	
9	12.701	
9	15.9054	
9	2.76566	
9	13.3419	
9	16.387	
9	6.45065	
9	16.5472	
9	17.0279	
9	0.52166	
9	10.6173	
9	13.0215	
9	3.88718	
9	16.5472	
9	15.9054	
9	3.88718	
9	15.2645	
9	12.701	
9	2.92587	
9	13.9828	
9	12.5408	
9	2.44522	
9	15.7452	
9	15.1043	
9	6.45065	
9	19.4311	
9	15.2645	
9	2.92587	
9	16.2268	
10	9.1753	
10	1.96362	
10	19.4311	
10	13.8226	
10	4.20761	
10	18.7902	
10	10.7775	
10	3.56674	
10	19.9118	
10	11.4183	
10	0.361443	
10	17.8289	
10	12.8613	
10	6.61087	
10	16.2268	
10	12.5408	
10	3.56674	
10	19.5913	
10	9.49574	
10	4.68826	
10	13.9828	
10	9.81617	
10	3.88718	
10	14.6236	
10	9.1753	
10	4.20761	
10	14.3032	
10	9.33552	
10	3.72696	
10	15.5849	
10	9.01508	
10	5.32913	
10	18.7902	
10	9.65595	
10	4.20761	
10	14.4634	
10	8.214	
10	5.48935	
10	17.9892	
10	8.69465	
10	2.92587	
10	14.4634	
10	6.61087	
10	5.16891	
10	17.3483	
10	7.09248	
10	5.0087	
10	17.5085	
10	9.65595	
10	8.85487	
10	18.1494	
10	5.64957	
10	4.68826	
10	15.7452	
10	6.61087	
10	6.9313	
10	19.1107	
10	7.25269	
10	6.45065	
10	16.7074	
10	3.40652	
10	4.84848	
10	17.8289	
10	5.32913	
10	6.45065	
10	17.8289	
10	8.37421	
10	10.457	
10	20.3924	
10	5.97	
10	3.72696	
10	14.6236	
10	4.84848	
10	8.69465	
10	19.4311	
10	5.48935	
10	8.214	
10	16.387	
10	4.84848	
10	8.37421	
10	15.4247	
10	1.96362	
10	8.214	
10	17.6687	
10	7.41291	
10	12.8613	
10	20.072	
10	4.68826	
10	8.85487	
10	15.7452	
10	2.28405	
10	9.1753	
10	18.1494	
10	4.68826	
10	10.6173	
10	15.4247	
10	4.04739	
10	11.2581	
10	16.5472	
10	2.28405	
10	8.69465	
10	15.1043	
10	6.29044	
10	14.7839	
10	17.9892	
10	3.56674	
10	11.0979	
10	14.7839	
10	4.36783	
10	13.8226	
10	14.6236	
10	1.96362	
10	12.8613	
10	14.3032	
10	3.88718	
10	13.9828	
10	15.4247	
10	2.28405	
10	13.8226	
10	16.0656	
10	3.88718	
10	15.1043	
10	16.5472	
10	2.76566	
10	13.5021	
10	12.8613	
10	4.20761	
10	17.8289	
10	14.7839	
10	3.72696	
10	14.4634	
