20	0,424139	
20	0,423995	
20	0,423851	
20	0,423707	
20	0,423563	
20	0,42342	
20	0,423277	
20	0,423133	
20	0,422991	
20	0,422847	
20	0,422704	
20	0,422561	
20	0,422418	
20	0,422276	
20	0,422133	
20	0,421991	
20	0,421848	
20	0,421705	
20	0,421564	
20	0,421422	
20	0,42128	
20	0,421138	
20	0,420995	
20	0,420854	
20	0,420712	
20	0,420571	
20	0,42043	
20	0,420288	
20	0,420147	
20	0,420005	
20	0,419864	
20	0,419723	
20	0,419583	
20	0,419442	
20	0,419301	
20	0,41916	
20	0,41902	
20	0,41888	
20	0,418739	
20	0,418599	
20	0,418459	
20	0,418319	
20	0,418179	
20	0,418039	
20	0,417899	
20	0,41776	
20	0,41762	
20	0,417481	
20	0,417341	
20	0,417201	
20	0,417063	
20	0,416924	
20	0,416785	
20	0,416646	
20	0,416507	
20	0,416368	
20	0,416229	
20	0,416091	
20	0,415953	
20	0,415814	
20	0,415676	
20	0,415538	
20	0,415399	
20	0,415262	
20	0,415123	
20	0,414985	
20	0,414848	
20	0,414711	
20	0,414573	
20	0,414435	
20	0,414298	
20	0,414161	
20	0,414024	
20	0,413887	
20	0,41375	
20	0,413613	
20	0,413475	
20	0,413339	
20	0,413203	
20	0,413066	
20	0,41293	
20	0,412793	
20	0,412657	
20	0,412521	
20	0,412385	
20	0,412249	
20	0,412113	
20	0,411977	
20	0,411841	
20	0,411705	
20	0,411569	
20	0,411435	
20	0,411299	
20	0,411164	
20	0,411029	
20	0,410892	
20	0,410759	
20	0,410624	
20	0,410489	
20	0,410354	
20	0,410219	
20	0,410085	
20	0,40995	
20	0,409815	
20	0,409682	
20	0,409547	
20	0,409413	
20	0,409279	
20	0,409145	
20	0,409011	
20	0,408877	
20	0,408744	
20	0,408611	
20	0,408477	
20	0,408343	
20	0,408209	
20	0,408076	
20	0,407944	
20	0,40781	
20	0,407677	
20	0,407545	
20	0,407412	
20	0,407279	
20	0,407146	
20	0,407013	
20	0,406881	
20	0,406749	
20	0,406617	
20	0,406484	
20	0,406352	
20	0,40622	
20	0,406086	
20	0,405956	
20	0,405824	
20	0,405693	
20	0,405561	
20	0,405429	
20	0,405298	
20	0,405167	
20	0,405036	
20	0,404904	
20	0,404773	
20	0,404642	
20	0,404511	
20	0,40438	
20	0,404249	
20	0,404118	
20	0,403988	
20	0,403857	
20	0,403727	
20	0,403597	
20	0,403467	
20	0,403336	
20	0,403206	
20	0,403076	
20	0,402946	
20	0,402816	
20	0,402687	
20	0,402557	
20	0,402427	
20	0,402298	
20	0,402168	
20	0,402039	
20	0,40191	
20	0,40178	
20	0,401652	
20	0,401523	
20	0,401394	
20	0,401264	
20	0,401136	
20	0,401007	
20	0,400879	
20	0,40075	
20	0,400622	
20	0,400493	
20	0,400365	
20	0,400237	
20	0,400109	
20	0,399981	
20	0,399853	
20	0,399724	
20	0,399596	
20	0,399469	
20	0,399342	
20	0,399214	
20	0,399087	
20	0,39896	
20	0,398832	
20	0,398704	
20	0,398578	
20	0,398451	
20	0,398324	
20	0,398197	
20	0,39807	
20	0,397943	
20	0,397816	
20	0,39769	
20	0,397564	
20	0,397438	
20	0,397311	
20	0,397185	
20	0,397058	
20	0,396932	
20	0,396806	
20	0,39668	
20	0,396555	
20	0,396429	
20	0,396303	
20	0,396177	
20	0,396052	
20	0,395927	
20	0,395801	
20	0,395676	
20	0,395551	
20	0,395425	
20	0,395301	
20	0,395176	
20	0,395051	
20	0,394926	
20	0,394801	
20	0,394677	
20	0,394551	
20	0,394427	
20	0,394303	
20	0,394179	
20	0,394054	
20	0,39393	
20	0,393806	
20	0,393682	
20	0,393558	
20	0,393434	
20	0,393311	
20	0,393187	
20	0,393063	
20	0,392939	
20	0,392816	
20	0,392693	
20	0,39257	
20	0,392446	
20	0,392323	
20	0,392199	
20	0,392077	
20	0,391954	
20	0,391831	
20	0,391708	
20	0,391586	
20	0,391463	
20	0,39134	
20	0,391218	
20	0,391095	
20	0,390973	
20	0,390851	
20	0,390729	
21	0,390606	
21	0,390484	
21	0,390362	
21	0,390241	
21	0,390119	
21	0,389997	
21	0,389876	
21	0,389754	
21	0,389633	
21	0,389511	
21	0,38939	
21	0,389269	
21	0,389148	
21	0,389026	
21	0,388905	
21	0,388784	
21	0,388663	
21	0,388543	
21	0,388422	
21	0,388301	
21	0,38818	
21	0,38806	
21	0,38794	
21	0,387819	
21	0,387699	
21	0,387579	
21	0,387458	
21	0,387338	
21	0,387218	
21	0,387099	
21	0,386979	
21	0,386859	
21	0,386739	
21	0,386619	
21	0,3865	
21	0,386381	
21	0,386261	
21	0,386142	
21	0,386023	
21	0,385903	
21	0,385785	
21	0,385665	
21	0,385546	
21	0,385427	
21	0,385308	
21	0,38519	
21	0,385071	
21	0,384952	
21	0,384834	
21	0,384716	
21	0,384597	
21	0,384479	
21	0,38436	
21	0,384243	
21	0,384125	
21	0,384007	
21	0,383889	
21	0,383771	
21	0,383653	
21	0,383535	
21	0,383418	
21	0,3833	
21	0,383183	
21	0,383066	
21	0,382948	
21	0,38283	
21	0,382713	
21	0,382596	
21	0,382479	
21	0,382362	
21	0,382246	
21	0,382129	
21	0,382011	
21	0,381895	
21	0,381779	
21	0,381662	
21	0,381545	
21	0,381429	
21	0,381312	
21	0,381196	
21	0,38108	
21	0,380964	
21	0,380848	
21	0,380732	
21	0,380615	
21	0,3805	
21	0,380384	
21	0,380269	
21	0,380153	
21	0,380037	
21	0,379922	
21	0,379806	
21	0,379691	
21	0,379576	
21	0,37946	
21	0,379345	
21	0,37923	
21	0,379115	
21	0,378999	
21	0,378885	
21	0,378771	
21	0,378656	
21	0,378541	
21	0,378427	
21	0,378311	
21	0,378198	
21	0,378083	
21	0,377969	
21	0,377855	
21	0,377741	
21	0,377626	
21	0,377512	
21	0,377398	
21	0,377284	
21	0,377171	
21	0,377057	
21	0,376943	
21	0,376828	
21	0,376716	
21	0,376602	
21	0,376489	
21	0,376376	
21	0,376262	
21	0,376149	
21	0,376035	
21	0,375922	
21	0,37581	
21	0,375697	
21	0,375584	
21	0,375471	
21	0,375358	
21	0,375245	
21	0,375133	
21	0,375021	
21	0,374908	
21	0,374796	
21	0,374683	
21	0,374571	
21	0,374459	
21	0,374347	
21	0,374235	
21	0,374123	
21	0,374011	
21	0,373899	
21	0,373786	
21	0,373675	
21	0,373564	
21	0,373452	
21	0,373341	
21	0,373229	
21	0,373117	
21	0,373006	
21	0,372895	
21	0,372784	
21	0,372673	
21	0,372562	
21	0,37245	
21	0,372339	
21	0,372229	
21	0,372118	
21	0,372007	
21	0,371896	
21	0,371786	
21	0,371675	
21	0,371564	
21	0,371454	
21	0,371343	
21	0,371233	
21	0,371124	
21	0,371013	
21	0,370902	
21	0,370793	
21	0,370683	
21	0,370573	
21	0,370464	
21	0,370354	
21	0,370244	
21	0,370133	
21	0,370025	
21	0,369915	
21	0,369806	
21	0,369697	
21	0,369587	
21	0,369478	
21	0,369368	
21	0,369259	
21	0,36915	
21	0,369042	
21	0,368933	
21	0,368824	
21	0,368715	
21	0,368605	
21	0,368497	
21	0,368389	
21	0,368281	
21	0,368172	
21	0,368064	
21	0,367955	
21	0,367847	
21	0,367739	
21	0,36763	
21	0,367523	
21	0,367415	
21	0,367307	
21	0,367199	
21	0,367091	
21	0,366983	
21	0,366875	
21	0,366768	
21	0,36666	
21	0,366553	
21	0,366445	
21	0,366338	
21	0,36623	
21	0,366123	
21	0,366016	
21	0,365909	
21	0,365802	
21	0,365695	
21	0,365588	
21	0,365481	
21	0,365374	
21	0,365267	
21	0,365161	
21	0,365054	
21	0,364948	
21	0,364841	
21	0,364734	
21	0,364628	
21	0,364522	
21	0,364416	
21	0,364309	
21	0,364203	
21	0,364097	
21	0,363991	
21	0,363885	
21	0,363779	
21	0,363673	
21	0,363568	
21	0,363461	
21	0,363356	
21	0,363251	
21	0,363145	
21	0,36304	
21	0,362934	
21	0,362829	
21	0,362723	
21	0,362618	
21	0,362513	
21	0,362408	
21	0,362303	
21	0,362198	
21	0,362093	
21	0,361988	
21	0,361884	
21	0,361779	
21	0,361674	
21	0,361569	
21	0,361465	
21	0,36136	
21	0,361256	
21	0,361151	
21	0,361046	
21	0,360943	
21	0,360839	
21	0,360735	
21	0,36063	
21	0,360526	
21	0,360423	
21	0,360319	
21	0,360215	
21	0,360111	
21	0,360007	
21	0,359903	
21	0,3598	
21	0,359696	
21	0,359593	
21	0,359552	
21	0,359552	
21	0,359552	
21	0,359552	
21	0,359552	
21	0,359552	
21	0,359552	
21	0,359552	
21	0,359552	
21	144,326	
21	144,326	
21	144,326	
21	144,326	
21	144,326	
21	144,326	
21	188,782	
21	188,782	
21	188,782	
21	188,782	
21	188,782	
21	188,782	
21	223,844	
21	223,844	
21	223,844	
21	223,844	
21	223,844	
21	250,16	
21	250,16	
21	250,16	
21	250,16	
21	250,16	
21	254,389	
21	254,389	
21	254,389	
21	254,389	
21	261,467	
21	261,467	
21	261,467	
21	261,467	
21	261,467	
21	287,35	
21	287,35	
21	287,35	
21	287,35	
21	293,524	
21	293,524	
21	293,524	
21	293,524	
21	281,75	
21	278,468	
21	278,468	
21	278,468	
21	278,468	
21	278,079	
21	278,079	
21	278,079	
21	278,079	
21	293,365	
21	293,365	
21	293,365	
21	293,365	
21	299,776	
21	299,776	
21	299,776	
21	299,776	
21	299,776	
21	281,988	
21	281,988	
21	281,988	
21	281,988	
21	277,577	
21	277,577	
21	277,577	
21	277,577	
21	277,577	
21	290,037	
21	290,037	
21	290,037	
21	290,037	
21	294,656	
21	294,656	
21	294,656	
21	294,656	
21	276,164	
21	276,164	
21	276,164	
21	276,164	
21	276,164	
21	275,485	
21	275,485	
21	275,485	
21	275,485	
21	288,156	
21	288,156	
21	288,156	
21	288,156	
21	288,156	
21	297,039	
21	297,039	
21	297,039	
21	297,039	
21	290,199	
21	290,199	
21	290,199	
21	290,199	
21	294,519	
21	294,519	
21	294,519	
21	294,519	
21	312,674	
21	312,674	
21	312,674	
21	312,674	
21	313,422	
21	313,422	
21	313,422	
21	313,422	
21	285,249	
21	282,374	
21	282,374	
21	282,374	
21	282,374	
21	272,675	
21	272,675	
21	272,675	
21	272,675	
21	272,675	
21	276,319	
21	276,319	
21	276,319	
21	276,319	
21	288,199	
21	288,199	
21	288,199	
21	288,199	
21	282,534	
21	282,534	
21	282,534	
21	282,534	
21	282,534	
21	280,727	
21	280,727	
21	280,727	
21	280,727	
21	300,884	
21	300,884	
21	300,884	
21	300,884	
21	303,91	
21	303,91	
21	303,91	
21	303,91	
21	287,416	
21	287,416	
21	287,416	
21	287,416	
21	287,416	
21	284,827	
21	284,827	
21	284,827	
21	284,827	
21	298,515	
21	298,515	
21	298,515	
21	298,515	
21	304,389	
21	304,389	
21	304,389	
21	304,389	
21	288,485	
21	285,677	
21	285,677	
21	285,677	
21	285,677	
21	280,309	
21	280,309	
21	280,309	
21	280,309	
21	291,814	
21	291,814	
21	291,814	
21	291,814	
21	291,814	
21	295,975	
21	295,975	
21	295,975	
21	295,975	
21	277,453	
21	277,453	
21	277,453	
21	277,453	
21	277,453	
21	276,512	
21	276,512	
21	276,512	
21	276,512	
21	288,913	
21	288,913	
21	288,913	
21	288,913	
21	297,104	
21	297,104	
21	297,104	
21	297,104	
21	290,275	
21	290,275	
21	290,275	
21	290,275	
21	290,275	
21	294,848	
21	294,848	
21	294,848	
21	294,848	
21	313,235	
21	313,235	
21	313,235	
21	313,235	
21	313,994	
21	313,994	
21	313,994	
21	313,994	
21	283,016	
22	283,016	
22	283,016	
22	283,016	
22	277,902	
22	273,334	
22	273,334	
22	273,334	
22	273,334	
22	276,843	
22	276,843	
22	276,843	
22	276,843	
22	288,614	
22	288,614	
22	288,614	
22	288,614	
22	288,614	
22	282,797	
22	282,797	
22	282,797	
22	282,797	
22	280,967	
22	280,967	
22	280,967	
22	280,967	
22	301,164	
22	301,164	
22	301,164	
22	301,164	
22	301,164	
22	304,234	
22	304,234	
22	304,234	
22	304,234	
22	287,67	
22	287,67	
22	287,67	
22	287,67	
22	285,084	
22	285,084	
22	285,084	
22	285,084	
22	298,72	
22	298,72	
22	298,72	
22	298,72	
22	298,72	
22	304,416	
22	304,416	
22	304,416	
22	304,416	
22	285,571	
22	285,571	
22	285,571	
22	285,571	
22	280,089	
22	280,089	
22	280,089	
22	280,089	
22	280,089	
22	291,549	
22	291,549	
22	291,549	
22	291,549	
22	295,591	
22	295,591	
22	295,591	
22	295,591	
22	276,741	
22	276,741	
22	276,741	
22	276,741	
22	276,741	
22	275,966	
22	275,966	
22	275,966	
22	275,966	
22	288,386	
22	288,386	
22	288,386	
22	288,386	
22	288,386	
22	296,863	
22	296,863	
22	296,863	
22	296,863	
22	290,282	
22	290,282	
22	290,282	
22	290,282	
22	294,845	
22	294,845	
22	294,845	
22	294,845	
22	313,276	
22	313,276	
22	313,276	
22	313,276	
22	314,096	
22	314,096	
22	314,096	
22	314,096	
22	283,172	
22	283,172	
22	283,172	
22	283,172	
22	283,172	
22	273,466	
22	273,466	
22	273,466	
22	273,466	
22	273,466	
22	276,993	
22	276,993	
22	276,993	
22	276,993	
22	288,77	
22	288,77	
22	288,77	
22	288,77	
22	282,977	
22	282,977	
22	282,977	
22	282,977	
22	282,977	
22	281,118	
22	281,118	
22	281,118	
22	281,118	
22	301,302	
22	301,302	
22	301,302	
22	301,302	
22	304,424	
22	304,424	
22	304,424	
22	304,424	
22	287,943	
22	287,943	
22	287,943	
22	287,943	
22	287,943	
22	285,347	
22	285,347	
22	285,347	
22	285,347	
22	298,983	
22	298,983	
22	298,983	
22	298,983	
22	304,676	
22	304,676	
22	304,676	
22	304,676	
22	285,924	
22	285,924	
22	285,924	
22	285,924	
22	285,924	
22	280,479	
22	280,479	
22	280,479	
22	280,479	
22	291,758	
22	291,758	
22	291,758	
22	291,758	
22	295,777	
22	295,777	
22	295,777	
22	295,777	
22	295,777	
22	277,003	
22	277,003	
22	277,003	
22	277,003	
22	276,137	
22	276,137	
22	276,137	
22	276,137	
22	276,137	
22	288,741	
22	288,741	
22	288,741	
22	288,741	
22	297,068	
22	297,068	
22	297,068	
22	297,068	
22	290,269	
22	290,269	
22	290,269	
22	290,269	
22	294,875	
22	294,875	
22	294,875	
22	294,875	
22	313,244	
22	313,244	
22	313,244	
22	313,244	
22	314,096	
22	314,096	
22	314,096	
22	314,096	
22	306,052	
22	283,282	
22	283,282	
22	283,282	
22	283,282	
22	273,598	
22	273,598	
22	273,598	
22	273,598	
22	273,598	
22	277,061	
22	277,061	
22	277,061	
22	277,061	
22	288,972	
22	288,972	
22	288,972	
22	288,972	
22	288,972	
22	282,88	
22	282,88	
22	282,88	
22	282,88	
22	281,028	
22	281,028	
22	281,028	
22	281,028	
22	301,388	
22	301,388	
22	301,388	
22	301,388	
22	304,434	
22	304,434	
22	304,434	
22	304,434	
22	301,559	
22	287,94	
22	287,94	
22	287,94	
22	287,94	
22	285,361	
22	285,361	
22	285,361	
22	285,361	
22	298,914	
22	298,914	
22	298,914	
22	298,914	
22	304,506	
22	304,506	
22	304,506	
22	304,506	
22	301,91	
22	285,62	
22	285,62	
22	285,62	
22	285,62	
22	280,176	
22	280,176	
22	280,176	
22	280,176	
22	291,572	
22	291,572	
22	291,572	
22	291,572	
22	291,572	
22	295,68	
22	295,68	
22	295,68	
22	295,68	
22	277,099	
22	277,099	
22	277,099	
22	277,099	
22	277,099	
22	276,273	
22	276,273	
22	276,273	
22	276,273	
22	288,638	
22	288,638	
22	288,638	
22	288,638	
22	296,976	
22	296,976	
22	296,976	
22	296,976	
22	296,658	
22	290,296	
22	290,296	
22	290,296	
22	290,296	
22	294,851	
22	294,851	
22	294,851	
22	294,851	
22	313,259	
22	313,259	
22	313,259	
22	313,259	
22	314,068	
22	314,068	
22	314,068	
22	314,068	
22	283,184	
22	283,184	
22	283,184	
22	283,184	
22	283,184	
22	273,504	
22	273,504	
22	273,504	
22	273,504	
22	276,955	
22	276,955	
22	276,955	
22	276,955	
22	276,955	
22	288,825	
22	288,825	
22	288,825	
22	288,825	
22	283,01	
22	283,01	
22	283,01	
22	283,01	
22	281,15	
22	281,15	
22	281,15	
22	281,15	
22	281,15	
22	301,385	
22	301,385	
22	301,385	
22	301,385	
22	304,626	
22	304,626	
22	304,626	
22	304,626	
22	288,119	
22	288,119	
22	288,119	
22	288,119	
22	285,503	
22	285,503	
22	285,503	
22	285,503	
22	285,503	
22	299,105	
22	299,105	
22	299,105	
22	299,105	
22	304,652	
22	304,652	
22	304,652	
22	304,652	
22	285,923	
22	285,923	
22	285,923	
22	285,923	
22	285,237	
22	280,557	
22	280,557	
22	280,557	
22	280,557	
22	291,987	
22	291,987	
22	291,987	
22	291,987	
22	296,003	
22	296,003	
22	296,003	
22	296,003	
22	282,425	
22	277,257	
22	277,257	
22	277,257	
22	277,257	
22	276,505	
22	276,505	
22	276,505	
22	276,505	
22	288,954	
22	288,954	
22	288,954	
22	288,954	
22	288,954	
22	297,106	
22	297,106	
22	297,106	
22	297,106	
22	290,313	
22	290,313	
22	290,313	
22	290,313	
22	294,832	
22	294,832	
22	294,832	
22	294,832	
22	313,199	
22	313,199	
22	313,199	
22	313,199	
22	314,046	
22	314,046	
22	314,046	
22	314,046	
22	287,716	
22	283,128	
22	283,128	
22	283,128	
22	283,128	
22	273,492	
22	273,492	
22	273,492	
22	273,492	
22	273,492	
22	277,094	
22	277,094	
22	277,094	
22	277,094	
22	289,006	
22	289,006	
22	289,006	
22	289,006	
22	283,17	
22	283,17	
22	283,17	
22	283,17	
22	283,17	
22	281,365	
22	281,365	
22	281,365	
22	281,365	
22	301,629	
22	301,629	
22	301,629	
22	301,629	
22	304,762	
22	304,762	
22	304,762	
22	304,762	
22	288,197	
22	288,197	
22	288,197	
22	288,197	
22	288,197	
22	285,573	
22	285,573	
22	285,573	
22	285,573	
22	299,22	
22	299,22	
22	299,22	
22	299,22	
22	304,783	
22	304,783	
22	304,783	
22	304,783	
22	285,963	
22	285,963	
22	285,963	
22	285,963	
22	285,963	
22	280,677	
22	280,677	
22	280,677	
22	280,677	
22	292,195	
22	292,195	
22	292,195	
22	292,195	
22	296,118	
22	296,118	
22	296,118	
22	296,118	
22	296,118	
22	277,369	
22	277,369	
22	277,369	
22	277,369	
22	276,542	
22	276,542	
22	276,542	
22	276,542	
22	276,542	
22	289,045	
22	289,045	
22	289,045	
22	289,045	
22	297,295	
22	297,295	
22	297,295	
22	297,295	
22	290,505	
22	290,505	
23	290,505	
23	290,505	
23	295,077	
23	295,077	
23	295,077	
23	295,077	
23	313,452	
23	313,452	
23	313,452	
23	313,452	
23	314,268	
23	314,268	
23	314,268	
23	314,268	
23	309,025	
23	283,421	
23	283,421	
23	283,421	
23	283,421	
23	273,716	
23	273,716	
23	273,716	
23	273,716	
23	273,716	
23	277,285	
23	277,285	
23	277,285	
23	277,285	
23	289,128	
23	289,128	
23	289,128	
23	289,128	
23	289,128	
23	283,223	
23	283,223	
23	283,223	
23	283,223	
23	281,347	
23	281,347	
23	281,347	
23	281,347	
23	301,634	
23	301,634	
23	301,634	
23	301,634	
23	304,776	
23	304,776	
23	304,776	
23	304,776	
23	302,31	
23	288,257	
23	288,257	
23	288,257	
23	288,257	
23	285,595	
23	285,595	
23	285,595	
23	285,595	
23	299,153	
23	299,153	
23	299,153	
23	299,153	
23	304,785	
23	304,785	
23	304,785	
23	304,785	
23	301,485	
23	286,085	
23	286,085	
23	286,085	
23	286,085	
23	280,913	
23	280,913	
23	280,913	
23	280,913	
23	292,689	
23	292,689	
23	292,689	
23	292,689	
23	292,689	
23	296,691	
23	296,691	
23	296,691	
23	296,691	
23	278,053	
23	278,053	
23	278,053	
23	278,053	
23	278,053	
23	277,206	
23	277,206	
23	277,206	
23	277,206	
23	289,555	
23	289,555	
23	289,555	
23	289,555	
23	298,074	
23	298,074	
23	298,074	
23	298,074	
23	291,167	
23	291,167	
23	291,167	
23	291,167	
23	291,167	
23	295,499	
23	295,499	
23	295,499	
23	295,499	
23	313,73	
23	313,73	
23	313,73	
23	313,73	
23	314,375	
23	314,375	
23	314,375	
23	314,375	
23	304,048	
23	304,048	
23	304,048	
23	368,38	
23	368,38	
23	368,38	
23	419,363	
23	419,363	
23	419,363	
23	465,131	
23	465,131	
23	490,1	
23	490,1	
23	490,1	
23	506,257	
23	506,257	
23	540,871	
23	540,871	
23	556,83	
23	556,83	
23	556,83	
23	564,886	
23	564,886	
23	568,773	
23	568,773	
23	584,433	
23	584,433	
23	597,072	
23	597,072	
23	591,912	
23	591,912	
23	593,983	
23	593,983	
23	603,104	
23	603,104	
23	609,756	
23	609,756	
23	607,556	
23	607,556	
23	609,258	
23	609,258	
23	609,258	
23	615,843	
23	615,843	
23	623,076	
23	623,076	
23	620,621	
23	620,621	
23	623,998	
23	623,998	
23	636,841	
23	641,536	
23	641,536	
23	627,794	
23	627,794	
23	624,415	
23	624,415	
23	618,055	
23	618,055	
23	633,176	
23	633,176	
23	632,079	
23	632,079	
23	622,494	
23	622,494	
23	639,996	
23	639,996	
23	642,909	
23	642,909	
23	641,511	
23	641,511	
23	633,943	
23	633,943	
23	639,918	
23	639,918	
23	645,728	
23	645,728	
23	635,094	
23	635,094	
23	632,143	
23	632,143	
23	636,404	
23	636,404	
23	639,174	
23	639,174	
23	634,015	
23	634,015	
23	632,191	
23	632,191	
23	635,599	
23	635,599	
23	640,463	
23	640,463	
23	635,926	
23	635,926	
23	637,292	
23	637,292	
23	648,429	
23	648,429	
23	651,546	
23	651,546	
23	636,61	
23	636,61	
23	632,203	
23	632,203	
23	624,66	
23	624,66	
23	639,084	
23	639,084	
23	637,487	
23	627,168	
23	627,168	
23	643,965	
23	643,965	
23	646,379	
23	646,379	
23	644,708	
23	644,708	
23	636,683	
23	636,683	
23	642,22	
23	642,22	
23	647,819	
23	647,819	
23	636,947	
23	636,947	
23	633,561	
23	633,561	
23	637,609	
23	637,609	
23	640,291	
23	640,291	
23	634,751	
23	634,751	
23	632,655	
23	632,655	
23	635,926	
23	635,926	
23	640,451	
23	640,451	
23	635,752	
23	635,752	
23	637,105	
23	637,105	
23	648,323	
23	648,323	
23	651,491	
23	651,491	
23	636,61	
23	636,61	
23	632,307	
23	632,307	
23	624,734	
23	624,734	
23	638,941	
23	638,052	
23	637,235	
23	626,951	
23	626,951	
23	643,791	
23	643,791	
23	646,12	
23	646,12	
23	644,438	
23	644,438	
23	636,4	
23	636,4	
23	641,84	
23	641,84	
23	647,61	
23	647,61	
23	636,87	
23	636,87	
23	633,461	
23	633,461	
23	637,377	
23	637,377	
23	640,168	
23	640,168	
23	634,683	
23	634,683	
23	632,587	
23	632,587	
23	635,914	
23	635,914	
23	640,48	
23	640,48	
23	635,639	
23	635,639	
23	637,036	
23	637,036	
23	648,294	
23	648,294	
23	651,415	
23	651,415	
23	636,537	
23	636,537	
23	632,303	
23	632,303	
23	624,758	
23	624,758	
23	638,896	
23	638,59	
23	637,158	
23	626,987	
23	626,987	
23	643,67	
23	643,67	
23	645,995	
23	645,995	
23	644,417	
23	644,417	
23	636,367	
23	636,367	
23	641,774	
23	641,774	
23	647,534	
23	647,534	
23	636,853	
23	636,853	
23	633,4	
23	633,4	
23	637,332	
23	637,332	
23	640,164	
23	640,164	
23	634,635	
23	634,635	
23	632,435	
23	632,435	
23	635,776	
23	635,776	
23	640,406	
23	640,406	
23	635,514	
23	635,514	
23	636,943	
23	636,943	
23	648,218	
23	648,218	
23	651,347	
23	651,347	
23	636,391	
23	636,391	
23	632,183	
23	632,183	
23	624,707	
23	624,707	
23	638,774	
23	638,774	
23	637,117	
23	627,538	
23	627,01	
23	643,757	
23	643,757	
23	646,12	
23	646,12	
23	644,575	
23	644,575	
23	636,505	
23	636,505	
23	641,886	
23	641,886	
23	647,564	
23	647,564	
23	636,866	
23	636,866	
23	633,417	
23	633,417	
23	637,393	
23	637,393	
23	640,242	
23	640,242	
23	634,614	
23	634,614	
23	632,407	
23	632,407	
23	635,776	
23	635,776	
23	640,439	
23	640,439	
23	635,591	
23	635,591	
23	636,975	
23	636,975	
23	648,277	
23	648,277	
23	651,355	
23	651,355	
23	636,335	
23	636,335	
23	632,123	
23	632,123	
23	624,633	
23	624,633	
23	638,68	
23	638,68	
23	636,939	
23	628,46	
23	626,841	
23	643,679	
23	643,679	
23	646,037	
23	646,037	
23	644,533	
23	644,533	
23	636,497	
23	636,497	
23	641,898	
23	641,898	
23	647,79	
23	647,79	
23	637,016	
23	637,016	
23	633,565	
23	633,565	
23	637,702	
23	637,702	
23	640,533	
23	640,533	
23	634,808	
23	634,808	
23	632,535	
23	632,535	
23	635,91	
23	635,91	
23	640,611	
23	640,611	
23	635,7	
23	635,7	
23	637,064	
23	637,064	
23	648,361	
23	648,361	
23	651,474	
23	651,474	
23	636,428	
23	636,428	
23	632,187	
23	632,187	
23	624,633	
23	624,633	
23	638,696	
23	638,696	
23	636,999	
23	626,904	
23	626,904	
23	643,699	
23	643,699	
23	646,016	
23	646,016	
23	644,459	
23	644,459	
23	636,416	
23	636,416	
23	641,828	
23	641,828	
23	647,702	
23	647,702	
23	636,951	
23	636,951	
23	633,557	
23	633,557	
23	637,735	
23	637,735	
23	640,57	
23	640,57	
23	634,913	
23	634,913	
23	632,615	
23	632,615	
23	635,97	
23	635,97	
23	640,5	
23	640,5	
23	635,542	
23	635,542	
23	636,91	
23	636,91	
23	648,235	
23	648,235	
24	651,381	
24	651,381	
24	636,359	
24	636,359	
24	632,131	
24	632,131	
24	624,582	
24	624,582	
24	638,619	
24	638,619	
24	636,898	
24	626,79	
24	626,79	
24	643,608	
24	643,608	
24	645,936	
24	645,936	
24	644,4	
24	644,4	
24	636,327	
24	636,327	
24	641,721	
24	641,721	
24	647,543	
24	647,543	
24	636,776	
24	636,776	
24	633,28	
24	633,28	
24	637,353	
24	637,353	
24	640,131	
24	640,131	
24	634,494	
24	634,494	
24	632,283	
24	632,283	
24	635,558	
24	635,558	
24	640,316	
24	640,316	
24	635,619	
24	635,619	
24	636,967	
24	636,967	
24	648,294	
24	648,294	
24	651,296	
24	651,296	
24	636,144	
24	636,144	
24	631,864	
24	631,864	
24	624,259	
24	624,259	
24	638,468	
24	638,468	
24	636,76	
24	632,015	
24	626,669	
24	643,352	
24	643,352	
24	645,628	
24	645,628	
24	643,969	
24	643,969	
24	635,894	
24	635,894	
24	641,359	
24	641,359	
24	647,22	
24	647,22	
24	636,541	
24	636,541	
24	633,104	
24	633,104	
24	637,198	
24	637,198	
24	640,012	
24	640,012	
24	634,457	
24	634,457	
24	632,243	
24	632,243	
24	635,631	
24	635,631	
24	640,365	
24	640,365	
24	635,506	
24	635,506	
24	636,784	
24	636,784	
24	648,076	
24	648,076	
24	651,105	
24	651,105	
24	635,962	
24	635,962	
24	631,684	
24	631,684	
24	624,212	
24	624,212	
24	638,329	
24	638,329	
24	636,602	
24	636,602	
24	626,511	
24	643,141	
24	643,141	
24	645,365	
24	645,365	
24	643,675	
24	643,675	
24	635,679	
24	635,679	
24	641,104	
24	641,104	
24	647,048	
24	647,048	
24	636,412	
24	636,412	
24	632,979	
24	632,979	
24	637,158	
24	637,158	
24	639,98	
24	639,98	
24	634,409	
24	634,409	
24	632,171	
24	632,171	
24	635,457	
24	635,457	
24	640,164	
24	640,164	
24	635,259	
24	635,259	
24	636,549	
24	636,549	
24	647,92	
24	647,92	
24	651,067	
24	651,067	
24	636,055	
24	636,055	
24	631,82	
24	631,82	
24	624,309	
24	624,309	
24	638,341	
24	638,341	
24	636,651	
24	636,651	
24	626,551	
24	626,551	
24	643,219	
24	645,515	
24	645,515	
24	643,936	
24	643,936	
24	635,914	
24	635,914	
24	641,359	
24	641,359	
24	647,429	
24	647,429	
24	636,801	
24	636,801	
24	633,324	
24	633,324	
24	637,552	
24	637,552	
24	640,434	
24	640,434	
24	634,917	
24	634,917	
24	632,567	
24	632,567	
24	635,772	
24	635,772	
24	640,414	
24	640,414	
24	635,469	
24	635,469	
24	636,821	
24	636,821	
24	648,122	
24	648,122	
24	651,186	
24	651,186	
24	636,092	
24	636,092	
24	631,8	
24	631,8	
24	624,286	
24	624,286	
24	638,349	
24	638,349	
24	636,497	
24	636,497	
24	626,437	
24	626,437	
24	643,132	
24	645,274	
24	645,274	
24	643,874	
24	643,874	
24	635,655	
24	635,655	
24	641,141	
24	641,141	
24	647,124	
24	647,124	
24	636,343	
24	636,343	
24	632,923	
24	632,923	
24	636,926	
24	636,926	
24	639,853	
24	639,853	
24	634,373	
24	634,373	
24	632,135	
24	632,135	
24	635,457	
24	635,457	
24	640,225	
24	640,225	
24	635,195	
24	635,195	
24	636,501	
24	636,501	
24	647,857	
24	647,857	
24	650,961	
24	650,961	
24	635,865	
24	635,865	
24	631,696	
24	631,696	
24	624,165	
24	624,165	
24	638,28	
24	638,28	
24	636,72	
24	636,72	
24	626,425	
24	626,425	
24	643,095	
24	643,095	
24	645,307	
24	643,733	
24	643,733	
24	635,736	
24	635,736	
24	641,075	
24	641,075	
24	647,002	
24	647,002	
24	636,169	
24	636,169	
24	632,599	
24	632,599	
24	636,663	
24	636,663	
24	639,55	
24	639,55	
24	633,91	
24	633,91	
24	631,556	
24	631,556	
24	634,913	
24	634,913	
24	639,452	
24	639,452	
24	634,433	
24	634,433	
24	635,861	
24	635,861	
24	647,329	
24	647,329	
24	650,368	
24	650,368	
24	635,251	
24	635,251	
24	631,074	
24	631,074	
24	623,675	
24	623,675	
24	637,739	
24	637,739	
24	636,019	
24	636,019	
24	625,849	
24	625,849	
24	642,533	
24	642,533	
24	644,903	
24	644,903	
24	643,43	
24	635,506	
24	635,506	
24	640,989	
24	640,989	
24	646,969	
24	646,969	
24	636,213	
24	636,213	
24	632,607	
24	632,607	
24	636,764	
24	636,764	
24	639,668	
24	639,668	
24	634,059	
24	634,059	
24	631,752	
24	631,752	
24	635,15	
24	635,15	
24	639,754	
24	639,754	
24	634,772	
24	634,772	
24	636,189	
24	636,189	
24	647,543	
24	647,543	
24	650,673	
24	650,673	
24	635,692	
24	635,692	
24	631,552	
24	631,552	
24	624,095	
24	624,095	
24	638,239	
24	638,239	
24	636,533	
24	636,533	
24	626,288	
24	626,288	
24	642,859	
24	642,859	
24	645,257	
24	645,257	
24	643,612	
24	643,612	
24	648,176	
24	688,966	
24	688,966	
24	724,701	
24	724,701	
24	741,867	
24	764,801	
24	764,801	
24	789,509	
24	789,509	
24	808,865	
24	822,416	
24	822,416	
24	836,561	
24	851,767	
24	866,852	
24	866,852	
24	871,346	
24	882,433	
24	882,433	
24	901,218	
24	911,07	
24	905,436	
24	905,436	
24	911,129	
24	905,215	
24	905,215	
24	928,117	
24	932,271	
24	921,99	
24	921,99	
24	944,751	
24	948,542	
24	955,238	
24	947,499	
24	947,499	
24	953,907	
24	961,899	
24	954,736	
24	954,736	
24	955,183	
24	959,546	
24	962,788	
24	962,788	
24	963,855	
24	963,772	
24	965,624	
24	970,252	
24	970,252	
24	966,025	
24	967,764	
24	978,665	
24	978,665	
24	982,145	
24	970,808	
24	970,987	
24	960,864	
24	958,883	
24	978,206	
24	978,493	
24	963,707	
24	963,707	
24	983,333	
24	984,107	
24	988,816	
24	977,718	
24	977,718	
24	981,605	
24	987,635	
24	978,665	
24	978,665	
24	977,336	
24	980,123	
24	981,672	
24	981,701	
24	981,701	
24	980,133	
24	980,383	
24	983,836	
24	978,569	
24	978,569	
24	979,24	
24	989,296	
24	991,936	
24	991,936	
24	979,95	
24	979,489	
24	966,66	
24	985,484	
24	985,484	
24	985,183	
24	969,753	
24	988,787	
24	988,993	
24	988,993	
24	993,167	
24	981,643	
24	985,251	
24	985,251	
24	990,923	
24	981,691	
24	980,065	
24	982,704	
24	982,704	
24	983,981	
24	983,855	
24	981,99	
24	982,067	
24	982,067	
24	985,387	
24	979,787	
24	980,277	
24	980,277	
24	990,187	
24	992,684	
24	980,613	
24	980,113	
24	980,113	
24	967,155	
24	986,038	
24	985,931	
24	970,44	
24	970,44	
24	989,501	
24	989,805	
24	993,957	
24	982,415	
24	982,415	
24	985,863	
24	991,552	
24	982,26	
24	982,26	
24	980,681	
24	983,158	
24	984,543	
24	984,271	
24	984,271	
24	982,434	
24	982,444	
24	985,766	
24	980,162	
24	980,162	
24	980,681	
24	990,511	
24	993,088	
24	993,088	
24	981,017	
24	980,546	
24	967,558	
24	986,398	
24	986,398	
24	986,038	
25	970,497	
25	989,482	
25	989,785	
25	989,785	
25	993,897	
25	982,386	
25	985,863	
25	985,863	
25	991,591	
25	982,328	
25	980,825	
25	983,236	
25	983,236	
25	984,523	
25	984,184	
25	982,338	
25	982,405	
25	982,405	
25	985,95	
25	980,459	
25	980,902	
25	990,737	
25	990,737	
25	993,216	
25	980,94	
25	980,421	
25	980,421	
25	967,474	
25	986,339	
25	986,018	
25	970,516	
25	970,516	
25	989,58	
25	989,962	
25	994,115	
25	982,531	
25	982,531	
25	985,97	
25	991,719	
25	982,444	
25	982,444	
25	980,834	
25	983,207	
25	984,533	
25	984,252	
25	984,252	
25	982,347	
25	982,376	
25	985,562	
25	979,893	
25	979,893	
25	980,373	
25	990,236	
25	992,832	
25	991,267	
25	980,7	
25	980,229	
25	967,277	
25	986,096	
25	986,096	
25	985,795	
25	970,224	
25	989,403	
25	989,678	
25	989,678	
25	993,73	
25	982,174	
25	985,62	
25	991,218	
25	991,218	
25	981,826	
25	980,171	
25	982,521	
25	982,521	
25	983,719	
25	983,439	
25	981,489	
25	981,566	
25	981,566	
25	984,756	
25	979,096	
25	979,633	
25	989,55	
25	989,55	
25	992,083	
25	979,931	
25	979,509	
25	979,509	
25	966,594	
25	985,455	
25	985,096	
25	969,584	
25	969,584	
25	988,797	
25	989,169	
25	993,404	
25	981,884	
25	981,884	
25	985,348	
25	990,953	
25	981,576	
25	981,576	
25	979,941	
25	982,289	
25	983,507	
25	983,216	
25	983,216	
25	981,364	
25	981,402	
25	984,707	
25	979,144	
25	979,144	
25	979,701	
25	989,619	
25	992,191	
25	992,191	
25	980,094	
25	979,662	
25	966,716	
25	985,581	
25	985,581	
25	985,309	
25	969,772	
25	988,895	
25	989,208	
25	989,208	
25	993,404	
25	981,884	
25	985,348	
25	985,348	
25	991,021	
25	981,701	
25	980,027	
25	982,482	
25	982,482	
25	983,671	
25	983,265	
25	981,335	
25	981,364	
25	981,364	
25	984,688	
25	979,192	
25	979,729	
25	979,729	
25	989,648	
25	992,201	
25	980,065	
25	979,633	
25	979,633	
25	966,725	
25	985,532	
25	985,173	
25	969,631	
25	969,631	
25	988,728	
25	989,051	
25	993,216	
25	984,291	
25	981,711	
25	985,202	
25	990,776	
25	981,383	
25	981,383	
25	979,729	
25	982,106	
25	983,391	
25	983,052	
25	983,052	
25	981,133	
25	981,258	
25	984,572	
25	978,962	
25	978,962	
25	979,499	
25	989,413	
25	991,926	
25	991,926	
25	979,777	
25	979,365	
25	966,473	
25	985,309	
25	985,309	
25	984,921	
25	969,396	
25	988,445	
25	988,797	
25	988,797	
25	992,989	
25	981,518	
25	984,998	
25	984,998	
25	990,609	
25	981,258	
25	979,691	
25	982,135	
25	982,135	
25	983,42	
25	983,168	
25	981,287	
25	981,219	
25	981,219	
25	984,281	
25	978,579	
25	979,231	
25	979,231	
25	989,169	
25	991,739	
25	979,557	
25	979,144	
25	979,144	
25	966,221	
25	985,028	
25	984,669	
25	969,096	
25	969,096	
25	988,191	
25	988,562	
25	992,782	
25	992,782	
25	981,248	
25	984,727	
25	990,423	
25	981,123	
25	981,123	
25	979,566	
25	982,145	
25	983,429	
25	983,294	
25	983,294	
25	981,431	
25	981,528	
25	984,931	
25	984,931	
25	979,413	
25	979,95	
25	989,795	
25	992,29	
25	992,29	
25	980,104	
25	979,643	
25	966,725	
25	985,61	
25	985,61	
25	985,328	
25	969,772	
25	988,807	
25	988,807	
25	989,178	
25	993,345	
25	981,74	
25	985,231	
25	985,231	
25	990,904	
25	981,585	
25	979,95	
25	982,386	
25	982,386	
25	983,797	
25	983,632	
25	981,73	
25	981,73	
25	981,807	
25	985,358	
25	980,094	
25	980,584	
25	980,584	
25	990,413	
25	992,94	
25	980,815	
25	980,354	
25	980,354	
25	967,474	
25	986,271	
25	986,038	
25	986,038	
25	970,44	
25	989,501	
25	989,805	
25	993,888	
25	993,888	
25	982,26	
25	985,688	
25	991,306	
25	981,952	
25	981,952	
25	980,334	
25	982,811	
25	984,068	
25	983,836	
25	983,836	
25	981,923	
25	981,923	
25	985,396	
25	985,396	
25	979,893	
25	980,373	
25	990,236	
25	992,802	
25	992,802	
25	980,623	
25	980,113	
25	967,155	
25	985,97	
25	985,97	
25	985,678	
25	970,158	
25	989,247	
25	989,247	
25	989,619	
25	993,789	
25	982,222	
25	985,668	
25	985,668	
25	991,257	
25	981,826	
25	980,171	
25	982,531	
25	982,531	
25	983,894	
25	983,623	
25	981,749	
25	981,749	
25	981,769	
25	985,241	
25	979,672	
25	980,2	
25	980,2	
25	990,099	
25	992,684	
25	980,594	
25	980,113	
25	980,113	
25	967,23	
25	986,057	
25	985,736	
25	985,736	
25	970,139	
25	989,208	
25	989,541	
25	993,591	
25	993,591	
25	982,019	
25	985,484	
25	991,139	
25	981,691	
25	981,691	
25	980,046	
25	982,453	
25	983,768	
25	983,574	
25	983,574	
25	981,682	
25	981,788	
25	985,328	
25	985,328	
25	979,729	
25	980,219	
25	990,089	
25	992,713	
25	992,713	
25	980,565	
25	980,046	
25	967,109	
25	985,931	
25	985,931	
25	985,62	
25	970,073	
25	989,071	
25	989,071	
25	989,394	
25	993,433	
25	981,865	
25	985,348	
25	985,348	
25	990,943	
25	981,518	
25	979,921	
25	982,386	
25	982,386	
25	983,768	
25	983,458	
25	981,489	
25	981,489	
25	981,431	
25	984,756	
25	979,115	
25	979,643	
25	979,643	
25	989,531	
25	992,083	
25	979,825	
25	979,355	
25	979,355	
25	966,464	
25	985,29	
25	984,998	
25	984,998	
25	969,481	
25	988,582	
25	988,983	
25	993,128	
25	993,128	
25	981,576	
25	985,057	
25	990,609	
25	981,152	
25	981,152	
25	979,537	
25	981,99	
25	983,294	
25	982,936	
25	982,936	
25	981,008	
25	981,046	
25	984,262	
25	984,262	
25	978,598	
25	979,087	
25	989,032	
25	991,601	
25	991,601	
25	979,413	
25	978,953	
25	966,128	
25	966,128	
25	984,863	
25	984,475	
25	968,964	
25	987,996	
25	987,996	
25	988,406	
25	992,576	
25	981,017	
25	984,533	
25	984,533	
25	990,187	
25	980,854	
25	979,259	
25	981,682	
25	981,682	
25	982,869	
25	982,511	
25	980,652	
25	980,652	
25	980,661	
25	983,99	
25	978,435	
25	978,953	
25	978,953	
25	988,875	
25	991,503	
25	979,442	
25	978,972	
25	978,972	
25	966,109	
25	984,989	
25	984,698	
25	984,698	
25	969,152	
25	988,201	
25	988,572	
25	992,782	
25	992,782	
25	981,181	
25	984,659	
25	990,266	
25	980,873	
25	980,873	
25	979,278	
25	981,72	
25	983,033	
25	983,033	
25	982,762	
25	980,892	
25	980,786	
25	983,865	
25	983,865	
25	978,167	
25	978,656	
25	988,553	
25	991,11	
25	991,11	
25	978,962	
25	978,56	
25	965,698	
25	965,698	
25	984,436	
25	983,99	
25	968,467	
25	987,537	
25	987,537	
25	987,918	
25	992,063	
25	980,565	
25	984,097	
25	984,097	
25	989,795	
25	980,44	
25	978,828	
26	978,828	
26	981,258	
26	982,617	
26	982,395	
26	980,565	
26	980,565	
26	980,508	
26	983,603	
26	977,89	
26	978,387	
26	978,387	
26	988,328	
26	990,913	
26	978,828	
26	978,828	
26	978,387	
26	965,559	
26	984,397	
26	984,049	
26	984,049	
26	968,514	
26	987,528	
26	987,947	
26	992,142	
26	992,142	
26	980,584	
26	984,136	
26	989,746	
26	989,746	
26	980,392	
26	978,761	
26	981,2	
26	982,531	
26	982,531	
26	982,347	
26	980,479	
26	980,431	
26	983,594	
26	983,594	
26	977,928	
26	978,445	
26	988,406	
26	988,406	
26	991,021	
26	978,914	
26	978,464	
26	965,614	
26	965,614	
26	984,514	
26	984,174	
26	968,654	
26	968,654	
26	987,723	
26	988,103	
26	992,329	
26	980,796	
26	980,796	
26	984,359	
26	990,011	
26	980,729	
26	979,135	
26	979,135	
26	981,595	
26	982,965	
26	982,724	
26	980,796	
26	980,796	
26	980,758	
26	983,981	
26	978,273	
26	978,273	
26	978,742	
26	988,66	
26	991,228	
26	979,029	
26	979,029	
26	978,569	
26	965,736	
26	984,514	
26	984,514	
26	984,078	
26	968,561	
26	987,684	
26	988,054	
26	988,054	
26	992,063	
26	980,431	
26	984,039	
26	989,864	
26	989,864	
26	980,633	
26	979,039	
26	981,479	
26	982,849	
26	982,849	
26	982,521	
26	980,661	
26	980,661	
26	980,661	
26	983,874	
26	978,186	
26	978,694	
26	988,65	
26	988,65	
26	991,198	
26	979,058	
26	978,608	
26	976,029	
26	965,764	
26	984,552	
26	984,068	
26	968,504	
26	968,504	
26	987,567	
26	987,947	
26	992,083	
26	980,575	
26	980,575	
26	984,116	
26	989,785	
26	980,459	
26	978,885	
26	978,885	
26	981,479	
26	982,859	
26	982,55	
26	982,55	
26	980,729	
26	980,786	
26	984,262	
26	978,77	
26	978,77	
26	979,221	
26	989,139	
26	991,857	
26	979,739	
26	979,739	
26	979,173	
26	966,221	
26	985,241	
26	985,241	
26	984,901	
26	969,349	
26	988,367	
26	988,875	
26	988,875	
26	993,078	
26	981,499	
26	985,028	
26	990,619	
26	990,619	
26	981,21	
26	979,557	
26	981,981	
26	981,981	
26	983,304	
26	982,907	
26	981,017	
26	980,892	
26	980,892	
26	984,087	
26	978,416	
26	978,905	
26	988,836	
26	988,836	
26	991,444	
26	979,317	
26	978,885	
26	978,885	
26	966,016	
26	984,824	
26	984,271	
26	968,682	
26	968,682	
26	987,732	
26	988,172	
26	992,329	
26	980,815	
26	980,815	
26	984,339	
26	989,932	
26	980,536	
26	980,536	
26	978,953	
26	981,402	
26	982,675	
26	982,386	
26	982,386	
26	980,508	
26	980,45	
26	983,603	
26	977,995	
26	977,995	
26	978,493	
26	988,504	
26	991,139	
26	991,139	
26	979,115	
26	978,713	
26	965,848	
26	984,717	
26	984,717	
26	984,223	
26	968,607	
26	987,645	
26	988,045	
26	988,045	
26	992,221	
26	980,758	
26	984,281	
26	984,281	
26	989,766	
26	980,306	
26	978,723	
26	981,21	
26	981,21	
26	982,473	
26	982,183	
26	980,306	
26	980,2	
26	980,2	
26	983,4	
26	977,775	
26	978,301	
26	978,301	
26	988,279	
26	990,913	
26	978,876	
26	978,483	
26	978,483	
26	965,614	
26	984,523	
26	984,078	
26	976,648	
26	968,532	
26	987,45	
26	987,771	
26	992,004	
26	992,004	
26	980,642	
26	984,145	
26	990,217	
26	994,698	
26	994,698	
26	1017,31	
26	1041,87	
26	1062,3	
26	1081,06	
26	1098,27	
26	1114,34	
26	1114,34	
26	1131,18	
26	1137,23	
26	1151,12	
26	1172,94	
26	1184,71	
26	1182,06	
26	1193,49	
26	1186,49	
26	1215,52	
26	1222,52	
26	1210,76	
26	1238,97	
26	1243,47	
26	1255,35	
26	1246,85	
26	1254,86	
26	1264,24	
26	1258,99	
26	1262,59	
26	1267,52	
26	1271,84	
26	1276,75	
26	1278,49	
26	1280,13	
26	1285,35	
26	1280,54	
26	1283,96	
26	1296,61	
26	1300,8	
26	1290,19	
26	1294,55	
26	1279,36	
26	1303,98	
26	1305,99	
26	1287,55	
26	1311,7	
26	1320,6	
26	1307,24	
26	1311,42	
26	1317,82	
26	1309,53	
26	1310,15	
26	1312,82	
26	1314,09	
26	1316,95	
26	1316,31	
26	1315,48	
26	1318,36	
26	1311,51	
26	1313,15	
26	1323,87	
26	1326,7	
26	1314,47	
26	1317,51	
26	1324,38	
26	1325,14	
26	1305,14	
26	1328,76	
26	1327,72	
26	1335,67	
26	1321,42	
26	1324,63	
26	1330,42	
26	1321,28	
26	1321,28	
26	1323,45	
26	1324,22	
26	1326,51	
26	1325,36	
26	1323,82	
26	1326,58	
26	1320,25	
26	1330,32	
26	1333,12	
26	1320,38	
26	1323,07	
26	1305,74	
26	1329,52	
26	1329,89	
26	1309,74	
26	1332,85	
26	1331,88	
26	1339,55	
26	1325,06	
26	1327,9	
26	1333,71	
26	1324,4	
26	1324,47	
26	1326,95	
26	1329,49	
26	1328,04	
26	1326,33	
26	1328,94	
26	1321,16	
26	1322,24	
26	1332,23	
26	1334,72	
26	1322,05	
26	1324,56	
26	1307,14	
26	1330,83	
26	1331,04	
26	1310,77	
26	1334,1	
26	1340,52	
26	1325,87	
26	1328,8	
26	1334,45	
26	1325,06	
26	1325,05	
26	1327,05	
26	1327,46	
26	1329,88	
26	1328,36	
26	1326,59	
26	1329,12	
26	1321,37	
26	1322,37	
26	1332,41	
26	1334,83	
26	1324,63	
26	1307,26	
26	1330,96	
26	1331,33	
26	1310,96	
26	1334,22	
26	1333	
26	1340,77	
26	1326,19	
26	1329,01	
26	1334,63	
26	1325,26	
26	1325,12	
26	1327,21	
26	1327,67	
26	1329,96	
26	1326,84	
26	1329,56	
26	1321,82	
26	1322,86	
26	1332,76	
26	1335,31	
26	1322,58	
26	1325,08	
26	1307,65	
26	1331,33	
26	1331,66	
26	1311,3	
26	1334,4	
26	1333,24	
26	1340,95	
26	1326,33	
26	1334,86	
26	1325,42	
26	1325,31	
26	1327,35	
26	1327,72	
26	1330,14	
26	1328,64	
26	1326,93	
26	1329,65	
26	1321,96	
26	1323	
26	1332,96	
26	1335,4	
26	1322,61	
26	1325,08	
26	1307,67	
26	1331,33	
26	1311,42	
26	1334,61	
26	1333,37	
26	1341,02	
26	1326,37	
26	1329,19	
26	1334,83	
26	1325,52	
26	1325,42	
26	1327,58	
26	1327,95	
26	1330,46	
26	1328,94	
26	1327,3	
26	1330,14	
26	1322,54	
26	1333,44	
26	1335,9	
26	1323,14	
26	1325,57	
26	1308,13	
26	1331,75	
26	1332,11	
26	1311,79	
26	1334,94	
26	1333,62	
26	1341,22	
26	1326,58	
26	1329,45	
26	1335,24	
26	1325,87	
26	1325,84	
26	1328,22	
26	1330,62	
26	1329,1	
26	1327,35	
26	1330,07	
26	1322,4	
26	1323,43	
26	1333,33	
26	1335,83	
26	1323,14	
26	1325,59	
26	1308,1	
26	1331,82	
26	1332,13	
26	1311,75	
26	1334,88	
26	1341,31	
26	1326,61	
26	1329,45	
26	1335,15	
26	1325,79	
26	1325,73	
26	1327,9	
26	1328,27	
26	1330,67	
26	1329,2	
26	1327,51	
26	1330,21	
26	1322,49	
26	1323,5	
26	1333,4	
26	1323,01	
26	1325,4	
26	1307,91	
26	1331,58	
26	1331,82	
26	1311,46	
26	1334,6	
26	1333,28	
26	1340,86	
26	1326,21	
26	1329,03	
26	1334,76	
26	1325,4	
26	1325,33	
26	1327,51	
26	1327,93	
26	1330,42	
26	1327,25	
27	1330	
27	1322,21	
27	1323,21	
27	1333,1	
27	1335,51	
27	1322,73	
27	1325,15	
27	1307,72	
27	1331,36	
27	1331,68	
27	1311,41	
27	1334,47	
27	1333,14	
27	1340,84	
27	1326,14	
27	1334,76	
27	1325,45	
27	1325,36	
27	1327,49	
27	1327,88	
27	1330,34	
27	1328,83	
27	1327,09	
27	1329,84	
27	1322,07	
27	1323,05	
27	1332,92	
27	1335,4	
27	1322,66	
27	1325,08	
27	1307,57	
27	1331,47	
27	1311,18	
27	1334,24	
27	1332,89	
27	1340,5	
27	1325,82	
27	1328,66	
27	1334,35	
27	1325,03	
27	1324,91	
27	1326,95	
27	1327,26	
27	1329,75	
27	1328,25	
27	1326,58	
27	1329,31	
27	1322,52	
27	1332,39	
27	1334,83	
27	1322,12	
27	1324,5	
27	1307,07	
27	1330,64	
27	1330,92	
27	1310,67	
27	1333,78	
27	1332,48	
27	1340,11	
27	1325,5	
27	1328,41	
27	1334,1	
27	1324,71	
27	1326,66	
27	1327,02	
27	1329,4	
27	1328	
27	1326,3	
27	1329,03	
27	1321,28	
27	1322,19	
27	1332,13	
27	1334,47	
27	1321,77	
27	1324,15	
27	1306,71	
27	1330,23	
27	1330,48	
27	1310,26	
27	1333,32	
27	1339,85	
27	1325,26	
27	1328,11	
27	1333,69	
27	1324,17	
27	1324,08	
27	1326,21	
27	1326,31	
27	1328,6	
27	1327,16	
27	1325,47	
27	1328,25	
27	1320,59	
27	1321,63	
27	1331,56	
27	1334,08	
27	1323,75	
27	1306,25	
27	1329,77	
27	1330,02	
27	1309,81	
27	1332,96	
27	1331,7	
27	1339,48	
27	1324,94	
27	1327,88	
27	1333,6	
27	1324,19	
27	1324,1	
27	1326,19	
27	1326,45	
27	1328,8	
27	1325,71	
27	1328,6	
27	1320,97	
27	1321,93	
27	1331,86	
27	1334,35	
27	1321,65	
27	1324,08	
27	1306,61	
27	1330,16	
27	1330,44	
27	1310,17	
27	1333,26	
27	1332,02	
27	1339,73	
27	1325,17	
27	1328,09	
27	1324,45	
27	1324,24	
27	1326,47	
27	1326,81	
27	1329,36	
27	1327,99	
27	1326,4	
27	1329,24	
27	1321,6	
27	1322,63	
27	1332,59	
27	1335,01	
27	1322,19	
27	1324,54	
27	1307,1	
27	1330,69	
27	1310,67	
27	1333,8	
27	1332,62	
27	1340,36	
27	1325,77	
27	1328,64	
27	1334,4	
27	1324,96	
27	1324,91	
27	1326,88	
27	1327,42	
27	1329,84	
27	1328,41	
27	1326,7	
27	1329,36	
27	1321,65	
27	1332,5	
27	1334,94	
27	1322,19	
27	1324,63	
27	1307,12	
27	1330,67	
27	1330,94	
27	1310,58	
27	1333,64	
27	1332,32	
27	1340,03	
27	1325,42	
27	1328,37	
27	1334,08	
27	1324,66	
27	1324,54	
27	1326,98	
27	1329,42	
27	1327,92	
27	1326,24	
27	1328,9	
27	1321,13	
27	1322,05	
27	1331,91	
27	1334,37	
27	1321,68	
27	1324,14	
27	1306,66	
27	1330,16	
27	1330,3	
27	1309,93	
27	1332,98	
27	1331,74	
27	1324,82	
27	1327,77	
27	1333,49	
27	1324,01	
27	1323,89	
27	1325,91	
27	1326,3	
27	1328,64	
27	1327,16	
27	1325,42	
27	1328,07	
27	1320,46	
27	1321,53	
27	1331,5	
27	1334,06	
27	1321,39	
27	1306,28	
27	1329,84	
27	1330,16	
27	1309,89	
27	1333	
27	1331,72	
27	1339,32	
27	1324,75	
27	1327,69	
27	1333,4	
27	1324,01	
27	1323,98	
27	1326,21	
27	1326,44	
27	1328,87	
27	1327,37	
27	1328,6	
27	1321	
27	1322	
27	1331,93	
27	1334,37	
27	1321,74	
27	1324,17	
27	1306,71	
27	1330,26	
27	1330,46	
27	1310,17	
27	1333,1	
27	1331,82	
27	1339,53	
27	1324,98	
27	1327,88	
27	1333,56	
27	1324,06	
27	1326,15	
27	1326,56	
27	1328,99	
27	1327,56	
27	1325,89	
27	1328,57	
27	1320,66	
27	1321,58	
27	1331,5	
27	1334,08	
27	1321,39	
27	1323,77	
27	1306,23	
27	1329,8	
27	1329,98	
27	1309,62	
27	1331,33	
27	1339,05	
27	1324,49	
27	1327,39	
27	1333,16	
27	1323,75	
27	1323,78	
27	1325,77	
27	1326,1	
27	1328,39	
27	1326,96	
27	1325,4	
27	1328,09	
27	1320,38	
27	1321,39	
27	1331,27	
27	1320,97	
27	1323,45	
27	1306,13	
27	1329,75	
27	1330,11	
27	1309,89	
27	1332,94	
27	1331,66	
27	1339,35	
27	1324,78	
27	1327,76	
27	1333,58	
27	1324,21	
27	1324,06	
27	1326,07	
27	1326,31	
27	1327,3	
27	1325,57	
27	1328,25	
27	1320,48	
27	1321,48	
27	1331,38	
27	1333,87	
27	1321,25	
27	1323,71	
27	1306,27	
27	1329,84	
27	1329,96	
27	1309,62	
27	1332,66	
27	1331,45	
27	1339,23	
27	1324,68	
27	1333,37	
27	1323,91	
27	1323,82	
27	1325,94	
27	1326,37	
27	1328,82	
27	1327,32	
27	1325,54	
27	1328,23	
27	1320,45	
27	1321,49	
27	1331,45	
27	1334,04	
27	1321,23	
27	1323,71	
27	1306,27	
27	1330	
27	1309,72	
27	1332,87	
27	1331,56	
27	1339,32	
27	1324,75	
27	1327,76	
27	1333,49	
27	1324,12	
27	1324,01	
27	1326,17	
27	1326,44	
27	1328,89	
27	1327,47	
27	1325,75	
27	1328,59	
27	1321,79	
27	1331,63	
27	1334,01	
27	1321,32	
27	1323,78	
27	1306,37	
27	1329,98	
27	1330,21	
27	1309,86	
27	1332,89	
27	1331,61	
27	1339,3	
27	1324,84	
27	1327,81	
27	1333,65	
27	1324,21	
27	1324,1	
27	1326,7	
27	1329,24	
27	1327,86	
27	1326,17	
27	1328,96	
27	1321,21	
27	1322,12	
27	1332	
27	1334,54	
27	1321,88	
27	1324,31	
27	1306,83	
27	1330,39	
27	1330,57	
27	1310,17	
27	1333,24	
27	1339,57	
27	1324,96	
27	1327,92	
27	1333,8	
27	1324,43	
27	1324,31	
27	1326,51	
27	1326,79	
27	1329,31	
27	1327,86	
27	1326,12	
27	1328,76	
27	1320,92	
27	1321,89	
27	1331,75	
27	1334,24	
27	1323,84	
27	1306,44	
27	1330	
27	1330,14	
27	1309,81	
27	1332,78	
27	1331,54	
27	1339,26	
27	1324,73	
27	1327,69	
27	1333,42	
27	1323,98	
27	1323,92	
27	1326,08	
27	1326,35	
27	1328,73	
27	1327,32	
27	1328,6	
27	1320,9	
27	1321,86	
27	1331,7	
27	1334,21	
27	1321,49	
27	1323,94	
27	1306,51	
27	1330,05	
27	1330,3	
27	1309,98	
27	1333,03	
27	1331,72	
27	1339,5	
27	1325,01	
27	1328,06	
27	1324,33	
27	1324,24	
27	1326,44	
27	1326,79	
27	1329,36	
27	1327,95	
27	1326,26	
27	1329,1	
27	1321,39	
27	1322,37	
27	1332,3	
27	1334,83	
27	1322,16	
27	1324,56	
27	1307,05	
27	1330,71	
27	1330,97	
27	1333,72	
27	1332,45	
27	1340,09	
27	1325,45	
27	1328,34	
27	1334,15	
27	1324,78	
27	1324,75	
27	1326,7	
27	1327,3	
27	1329,63	
27	1328,16	
27	1326,38	
27	1329,17	
27	1321,35	
27	1322,26	
27	1334,65	
27	1321,95	
27	1324,31	
27	1306,86	
27	1330,48	
27	1330,67	
27	1310,36	
27	1333,42	
27	1332,05	
27	1339,62	
27	1324,99	
27	1327,93	
27	1333,71	
27	1324,38	
27	1324,26	
27	1326,42	
27	1329,19	
27	1327,76	
27	1326	
27	1328,66	
27	1320,86	
27	1321,81	
27	1331,68	
27	1334,12	
27	1321,42	
27	1323,87	
27	1306,47	
27	1330,14	
27	1330,34	
27	1310,05	
27	1333,12	
27	1331,86	
27	1324,92	
27	1327,84	
27	1333,65	
27	1324,29	
27	1324,28	
27	1326,44	
27	1326,91	
27	1329,49	
27	1328,11	
27	1326,44	
27	1329,12	
28	1321,18	
28	1322,03	
28	1331,91	
28	1334,37	
28	1321,7	
28	1324,08	
28	1330,23	
28	1330,48	
28	1310,15	
28	1333,32	
28	1332,05	
28	1339,78	
28	1325,19	
28	1328	
28	1333,81	
28	1324,47	
28	1324,45	
28	1326,58	
28	1326,91	
28	1329,27	
28	1327,9	
28	1326,19	
28	1321,23	
28	1322,16	
28	1332,04	
28	1334,49	
28	1321,77	
28	1324,15	
28	1306,71	
28	1330,26	
28	1330,6	
28	1310,31	
28	1333,33	
28	1331,95	
28	1339,64	
28	1325,06	
28	1328,02	
28	1333,87	
28	1324,56	
28	1326,79	
28	1327,09	
28	1329,72	
28	1328,32	
28	1326,66	
28	1329,45	
28	1321,67	
28	1322,58	
28	1332,41	
28	1334,88	
28	1322,12	
28	1324,54	
28	1307,04	
28	1330,62	
28	1330,88	
28	1310,6	
28	1332,29	
28	1340,02	
28	1325,43	
28	1328,36	
28	1334,1	
28	1324,8	
28	1324,8	
28	1326,93	
28	1327,28	
28	1329,8	
28	1328,25	
28	1326,47	
28	1329,22	
28	1321,55	
28	1322,51	
28	1332,36	
28	1321,91	
28	1324,36	
28	1306,86	
28	1330,51	
28	1330,76	
28	1310,46	
28	1333,49	
28	1332,2	
28	1339,93	
28	1325,33	
28	1328,18	
28	1333,88	
28	1324,52	
28	1324,59	
28	1326,58	
28	1326,93	
28	1327,74	
28	1326	
28	1328,6	
28	1320,79	
28	1321,7	
28	1331,74	
28	1334,21	
28	1321,49	
28	1323,91	
28	1306,47	
28	1330,11	
28	1330,25	
28	1309,88	
28	1332,91	
28	1331,58	
28	1339,26	
28	1327,63	
28	1333,32	
28	1323,96	
28	1323,85	
28	1325,93	
28	1326,1	
28	1328,41	
28	1326,93	
28	1325,22	
28	1327,9	
28	1320,15	
28	1321,2	
28	1331,1	
28	1333,62	
28	1320,97	
28	1323,45	
28	1306,03	
28	1329,73	
28	1309,47	
28	1332,43	
28	1331,11	
28	1338,85	
28	1324,19	
28	1327,1	
28	1332,75	
28	1323,43	
28	1323,38	
28	1325,47	
28	1325,71	
28	1328,07	
28	1326,58	
28	1324,85	
28	1327,49	
28	1320,86	
28	1330,85	
28	1333,35	
28	1320,67	
28	1323,14	
28	1305,76	
28	1329,38	
28	1329,63	
28	1309,38	
28	1332,45	
28	1331,11	
28	1338,76	
28	1324,19	
28	1327,09	
28	1332,82	
28	1323,54	
28	1323,54	
28	1325,91	
28	1328,34	
28	1326,86	
28	1325,12	
28	1327,81	
28	1319,99	
28	1320,93	
28	1330,8	
28	1333,26	
28	1320,48	
28	1322,82	
28	1305,38	
28	1328,96	
28	1329,33	
28	1309,16	
28	1337,02	
28	1372,46	
28	1375,55	
28	1395,23	
28	1414,51	
28	1417,64	
28	1431,91	
28	1445,44	
28	1469,96	
28	1479,73	
28	1487,54	
28	1498,91	
28	1498,26	
28	1526,58	
28	1535,41	
28	1528,09	
28	1539,91	
28	1526,04	
28	1564,02	
28	1546,41	
28	1577,26	
28	1579,78	
28	1581,53	
28	1588,49	
28	1598,06	
28	1595,79	
28	1600,56	
28	1602,95	
28	1610,57	
28	1612,96	
28	1617,76	
28	1610,7	
28	1627,31	
28	1631,8	
28	1619,77	
28	1627,29	
28	1637,87	
28	1640,26	
28	1616,63	
28	1643,87	
28	1656,04	
28	1640,29	
28	1651,66	
28	1642,55	
28	1644,55	
28	1647,56	
28	1653,47	
28	1653,3	
28	1655,38	
28	1646,28	
28	1648,1	
28	1662,34	
28	1648,83	
28	1654,83	
28	1663,78	
28	1665,22	
28	1640,31	
28	1665,75	
28	1676,78	
28	1659,64	
28	1669,7	
28	1660,47	
28	1662,04	
28	1663,67	
28	1668,56	
28	1667,44	
28	1667,83	
28	1658,48	
28	1659,92	
28	1671,23	
28	1659,42	
28	1664,89	
28	1643,44	
28	1673,58	
28	1648,29	
28	1676,59	
28	1684,75	
28	1667,11	
28	1676,08	
28	1666,17	
28	1667,64	
28	1668,98	
28	1674,2	
28	1672,97	
28	1672,49	
28	1662,84	
28	1663,62	
28	1677,35	
28	1663,17	
28	1668,61	
28	1676,33	
28	1676,87	
28	1651,25	
28	1676,45	
28	1687,51	
28	1669,84	
28	1678,89	
28	1668,89	
28	1669,98	
28	1671,26	
28	1676,36	
28	1675,13	
28	1674,99	
28	1665,36	
28	1666,06	
28	1679,18	
28	1664,81	
28	1670,2	
28	1677,96	
28	1678,64	
28	1652,92	
28	1677,94	
28	1688,62	
28	1670,84	
28	1679,85	
28	1670,12	
28	1671,4	
28	1672,18	
28	1677,32	
28	1675,91	
28	1675,41	
28	1665,97	
28	1666,78	
28	1680,08	
28	1665,75	
28	1670,93	
28	1678,44	
28	1679,09	
28	1653,33	
28	1678,75	
28	1689,5	
28	1671,63	
28	1680,36	
28	1670,4	
28	1671,74	
28	1672,86	
28	1678,02	
28	1676,73	
28	1676,02	
28	1666,39	
28	1667,14	
28	1680,28	
28	1666,11	
28	1671,49	
28	1678,98	
28	1679,49	
28	1653,79	
28	1678,84	
28	1689,53	
28	1671,79	
28	1680,87	
28	1670,87	
28	1673,81	
28	1673,11	
28	1678,22	
28	1674,03	
28	1676,64	
28	1667,03	
28	1678,58	
28	1680,79	
28	1666,44	
28	1650,11	
28	1679,37	
28	1680,11	
28	1682,17	
28	1679,46	
28	1690,02	
28	1674,9	
28	1681,07	
28	1671,1	
28	1674,09	
28	1673,36	
28	1678,33	
28	1673,78	
28	1676,39	
28	1666,72	
28	1678,53	
28	1680,7	
28	1666,39	
28	1649,92	
28	1679,06	
28	1679,77	
28	1681,94	
28	1679,35	
28	1690,1	
28	1675,01	
28	1681,1	
28	1671,1	
28	1674,17	
28	1673,56	
28	1678,64	
28	1674,31	
28	1676,81	
28	1667,06	
28	1678,73	
28	1680,87	
28	1666,72	
28	1650,33	
28	1679,51	
28	1680,14	
28	1682,14	
28	1679,57	
28	1690,25	
28	1675,27	
28	1681,49	
28	1671,54	
28	1674,62	
28	1673,95	
28	1678,98	
28	1674,79	
28	1677,43	
28	1668,59	
28	1679,37	
28	1681,52	
28	1672,46	
28	1650,74	
28	1679,91	
28	1654,83	
28	1682,74	
28	1680,05	
28	1672,8	
28	1675,6	
28	1681,77	
28	1673,33	
28	1675,04	
28	1674,4	
28	1678,16	
28	1675,1	
28	1677,66	
28	1668,81	
28	1679,68	
28	1681,89	
28	1672,86	
28	1651,06	
28	1680,22	
28	1655,16	
28	1682,96	
28	1680,33	
28	1673,11	
28	1675,86	
28	1682,06	
28	1673,5	
28	1675,15	
28	1674,51	
28	1678,39	
28	1675,35	
28	1678,02	
28	1668,92	
28	1679,74	
28	1681,89	
28	1672,91	
28	1651,17	
28	1680,33	
28	1655,27	
28	1683,1	
28	1680,39	
28	1673,19	
28	1675,97	
28	1682,14	
28	1673,64	
28	1675,32	
28	1679,66	
28	1678,42	
28	1675,43	
28	1668,2	
28	1669,03	
28	1679,83	
28	1667,56	
28	1672,88	
28	1651,2	
28	1681,1	
28	1655,41	
28	1683,25	
28	1691,25	
28	1673,3	
28	1676,08	
28	1672,41	
28	1673,75	
28	1675,46	
28	1679,85	
28	1678,56	
28	1675,49	
28	1668,31	
28	1669,17	
28	1680,05	
28	1667,89	
28	1673,22	
28	1651,45	
28	1681,32	
28	1655,6	
28	1683,47	
28	1691,5	
28	1673,61	
28	1676,36	
28	1672,66	
28	1674,03	
28	1675,77	
28	1680,08	
28	1678,87	
28	1675,8	
28	1668,7	
28	1669,59	
28	1680,36	
28	1668,17	
28	1673,5	
28	1651,75	
28	1681,63	
28	1655,85	
28	1683,7	
28	1691,68	
28	1673,81	
28	1682,79	
28	1672,94	
28	1674,37	
28	1675,38	
28	1680,45	
28	1679,18	
28	1678,7	
28	1668,92	
28	1669,78	
28	1682,79	
28	1668,45	
28	1673,72	
28	1681,18	
28	1681,92	
28	1656,1	
28	1681,35	
28	1692,02	
28	1674,09	
28	1683,05	
28	1673,16	
28	1674,59	
28	1675,69	
29	1680,73	
29	1679,46	
29	1679,01	
29	1669,23	
29	1670,06	
29	1682,99	
29	1668,64	
29	1674	
29	1681,38	
29	1682,06	
29	1656,26	
29	1681,52	
29	1692,16	
29	1674,34	
29	1683,27	
29	1673,33	
29	1674,79	
29	1675,83	
29	1680,9	
29	1679,66	
29	1679,18	
29	1669,37	
29	1681,07	
29	1683,16	
29	1668,78	
29	1652,37	
29	1681,55	
29	1682,31	
29	1684,35	
29	1681,69	
29	1692,36	
29	1677,26	
29	1683,45	
29	1673,56	
29	1676,61	
29	1675,88	
29	1680,93	
29	1676,56	
29	1679,15	
29	1669,37	
29	1681,04	
29	1683,22	
29	1668,81	
29	1652,35	
29	1681,58	
29	1682,26	
29	1684,32	
29	1681,69	
29	1692,33	
29	1677,23	
29	1683,47	
29	1673,58	
29	1676,73	
29	1676,08	
29	1681,12	
29	1676,81	
29	1679,43	
29	1669,64	
29	1681,35	
29	1683,5	
29	1669,03	
29	1652,56	
29	1681,77	
29	1682,51	
29	1684,52	
29	1681,83	
29	1674,68	
29	1677,46	
29	1683,67	
29	1675,18	
29	1676,9	
29	1676,28	
29	1680,11	
29	1676,98	
29	1679,51	
29	1670,56	
29	1681,35	
29	1683,47	
29	1674,4	
29	1652,54	
29	1681,75	
29	1656,64	
29	1684,52	
29	1681,86	
29	1674,54	
29	1677,29	
29	1683,5	
29	1674,99	
29	1676,7	
29	1676,08	
29	1679,88	
29	1676,78	
29	1679,37	
29	1670,4	
29	1681,15	
29	1683,33	
29	1674,2	
29	1652,4	
29	1681,63	
29	1656,53	
29	1684,38	
29	1681,75	
29	1674,51	
29	1677,23	
29	1683,47	
29	1675,01	
29	1676,76	
29	1681,15	
29	1679,91	
29	1676,9	
29	1669,64	
29	1670,45	
29	1681,24	
29	1668,95	
29	1674,28	
29	1652,46	
29	1682,37	
29	1656,59	
29	1684,38	
29	1692,45	
29	1674,51	
29	1677,32	
29	1673,64	
29	1675,01	
29	1676,76	
29	1681,12	
29	1679,91	
29	1676,81	
29	1669,56	
29	1670,37	
29	1681,15	
29	1668,86	
29	1674,17	
29	1652,4	
29	1682,28	
29	1656,45	
29	1684,41	
29	1692,45	
29	1674,57	
29	1677,35	
29	1673,64	
29	1675,07	
29	1676,81	
29	1681,24	
29	1680,02	
29	1676,98	
29	1669,76	
29	1670,56	
29	1681,35	
29	1669,06	
29	1674,37	
29	1652,56	
29	1682,45	
29	1656,67	
29	1681,92	
29	1692,62	
29	1674,68	
29	1683,7	
29	1673,81	
29	1675,15	
29	1676,33	
29	1681,35	
29	1680,16	
29	1679,77	
29	1669,92	
29	1670,73	
29	1683,64	
29	1669,17	
29	1674,45	
29	1681,89	
29	1682,54	
29	1656,78	
29	1682,09	
29	1692,73	
29	1674,82	
29	1683,81	
29	1673,89	
29	1675,18	
29	1676,33	
29	1681,38	
29	1680,16	
29	1679,74	
29	1669,84	
29	1670,7	
29	1683,59	
29	1669,14	
29	1674,42	
29	1681,86	
29	1682,48	
29	1656,62	
29	1681,92	
29	1692,59	
29	1674,65	
29	1683,64	
29	1673,75	
29	1676,92	
29	1676,33	
29	1681,44	
29	1677,26	
29	1679,85	
29	1669,98	
29	1681,6	
29	1683,73	
29	1669,23	
29	1652,7	
29	1681,92	
29	1682,6	
29	1684,69	
29	1682,11	
29	1692,79	
29	1677,68	
29	1683,9	
29	1673,95	
29	1677,15	
29	1676,56	
29	1681,6	
29	1677,46	
29	1680,05	
29	1670,26	
29	1681,89	
29	1684,01	
29	1669,53	
29	1653,08	
29	1682,23	
29	1682,91	
29	1685,03	
29	1682,37	
29	1693,08	
29	1677,96	
29	1684,15	
29	1674,23	
29	1677,4	
29	1676,78	
29	1681,8	
29	1677,63	
29	1680,22	
29	1671,21	
29	1682,03	
29	1684,1	
29	1674,96	
29	1653,11	
29	1682,4	
29	1657,19	
29	1685,09	
29	1682,45	
29	1675,21	
29	1677,96	
29	1684,21	
29	1675,74	
29	1677,49	
29	1676,84	
29	1680,67	
29	1677,68	
29	1680,31	
29	1671,23	
29	1682,06	
29	1684,15	
29	1674,99	
29	1653,17	
29	1682,34	
29	1657,19	
29	1685,12	
29	1682,51	
29	1675,29	
29	1678,05	
29	1684,27	
29	1675,86	
29	1677,63	
29	1677,04	
29	1680,81	
29	1677,85	
29	1680,47	
29	1671,43	
29	1682,23	
29	1669,81	
29	1675,1	
29	1653,28	
29	1683,22	
29	1657,39	
29	1685,32	
29	1693,39	
29	1675,49	
29	1678,22	
29	1674,59	
29	1676,02	
29	1677,74	
29	1682,17	
29	1680,93	
29	1677,96	
29	1670,7	
29	1671,6	
29	1682,37	
29	1670,01	
29	1675,27	
29	1653,41	
29	1683,22	
29	1657,44	
29	1685,26	
29	1693,42	
29	1675,46	
29	1678,27	
29	1674,59	
29	1676,05	
29	1677,85	
29	1682,17	
29	1680,93	
29	1677,88	
29	1670,59	
29	1671,4	
29	1682,2	
29	1669,87	
29	1675,15	
29	1653,3	
29	1683,19	
29	1657,3	
29	1682,65	
29	1693,37	
29	1675,43	
29	1684,41	
29	1674,54	
29	1676,02	
29	1677,15	
29	1682,2	
29	1680,95	
29	1680,5	
29	1670,68	
29	1671,54	
29	1684,47	
29	1669,98	
29	1675,29	
29	1682,65	
29	1683,27	
29	1657,39	
29	1682,68	
29	1693,37	
29	1675,43	
29	1684,44	
29	1674,45	
29	1675,83	
29	1676,9	
29	1681,92	
29	1680,7	
29	1680,22	
29	1670,37	
29	1671,21	
29	1684,15	
29	1669,67	
29	1674,99	
29	1682,4	
29	1682,99	
29	1657,11	
29	1682,45	
29	1693,19	
29	1678,05	
29	1684,21	
29	1674,31	
29	1677,4	
29	1676,78	
29	1681,83	
29	1677,57	
29	1680,11	
29	1670,23	
29	1681,89	
29	1684,01	
29	1669,53	
29	1653,03	
29	1682,23	
29	1682,88	
29	1684,92	
29	1682,34	
29	1693,08	
29	1677,96	
29	1684,15	
29	1674,31	
29	1677,4	
29	1676,81	
29	1681,83	
29	1677,6	
29	1680,14	
29	1670,34	
29	1681,97	
29	1684,1	
29	1669,64	
29	1653,14	
29	1682,4	
29	1683,05	
29	1685,15	
29	1682,51	
29	1693,25	
29	1678,13	
29	1684,32	
29	1674,42	
29	1677,66	
29	1676,98	
29	1680,81	
29	1677,74	
29	1680,25	
29	1671,29	
29	1682,11	
29	1684,24	
29	1675,1	
29	1653,28	
29	1682,51	
29	1657,36	
29	1685,29	
29	1682,68	
29	1675,55	
29	1678,36	
29	1684,55	
29	1676,11	
29	1677,91	
29	1677,26	
29	1681,1	
29	1677,99	
29	1680,56	
29	1671,63	
29	1682,43	
29	1684,58	
29	1675,46	
29	1653,6	
29	1682,79	
29	1657,66	
29	1685,54	
29	1682,99	
29	1675,77	
29	1678,58	
29	1684,75	
29	1676,39	
29	1678,11	
29	1677,49	
29	1681,29	
